ade_e 0 1 1 3.27092E-4
adocbl_e 0 1 1 2.58226354E-12
ala__L_e 0 1 1 6.73446E-3
arg__L_e 0 1 1 3.61645E-3
ascb__L_e 0 1 1 8.51692028E-8
asn__L_e 0 1 1 8.32583E-4
asp__L_e 0 1 1 5.897688E-3
btn_e 0 1 1 2.75720165E-8
ca2_e 0 1 1 8.00938E-5
cd2_e 0 1 1 6.67176686E-8
chol_e 0 1 1 1.53595085E-5
cl_e 0 1 1 1.71820893E-1
cobalt2_e 0 1 1 2.96947381E-7
csn_e 0 1 1 1.96213E-4
cu2_e 0 1 1 5.2891188E-6
cu_e 0 1 1 5.2891188E-6
cys__L_e 0 1 1 3.32928E-4
fe2_e 0 1 1 4.56128E-5
fe3_e 0 1 1 4.56128E-5
gln__L_e 0 1 1 1.36849E-4
glu__L_e 0 1 1 1.3457487E-2
gly_e 0 1 1 4.262859E-3
gua_e 0 1 1 3.0603E-4
h2o_e 0 1 1 5.550929781E1
h_e 0 1 1 1E-7
his__L_e 0 1 1 1.643497E-1
ile__L_e 0 1 1 5.336383E-3
k_e 0 1 1 2.579814E-3
leu__L_e 0 1 1 7.280351E-3
lys__L_e 0 1 1 5.814351E-3
man_e 0 1 1 1.271121E-3
met__L_e 0 1 1 1.675513E-3
mg2_e 0 1 1 1.746966E-3
mn2_e 0 1 1 1.10323638E-5
mobd_e 0 1 1 1E3
na1_e 0 1 1 1.86931246E-1
nac_e 0 1 1 1.63268622E-5
nh4_e 0 1 1 2.301592E-3
ni2_e 0 1 1 2.07757313E-6
o2_e 0 1 1 1.82E-2
phe__L_e 0 1 1 3.934815E-3
pi_e 0 1 1 4.438244E-3
pnto__R_e 0 1 1 2.41749721E-6
pro__L_e 0 1 1 6.601119E-3
pydx_e 0 1 1 4.43314813E-7
ser__L_e 0 1 1 2.854614E-3
so4_e 0 1 1 3.90397E-4
thm_e 0 1 1 2.07077178E-6
thr__L_e 0 1 1 2.182673E-3
trp__L_e 0 1 1 5.14129E-4
tyr__L_e 0 1 1 1.048617E-3
ura_e 0 1 1 2.81475E-4
val__L_e 0 1 1 6.530201E-3
zn2_e 0 1 1 4.93722E-4
acald_e 1 1 1 9.6486108854E-6
ade_e 1 1 1 3.2702195635E-4
adocbl_e 1 1 1 2.58226354E-12
ala__L_e 1 1 1 6.73446E-3
arg__L_e 1 1 1 3.615258876E-3
ascb__L_e 1 1 1 8.51692028E-8
asn__L_e 1 1 1 8.3230624055E-4
asp__L_e 1 1 1 5.897688E-3
btn_e 1 1 1 2.75720165E-8
ca2_e 1 1 1 8.0092015455E-5
cd2_e 1 1 1 6.67176686E-8
chol_e 1 1 1 1.53595085E-5
cl_e 1 1 1 1.7182089122E-1
co2_e 1 1 1 2.2676531594E-5
cobalt2_e 1 1 1 2.9691309579E-7
csn_e 1 1 1 1.96213E-4
cu2_e 1 1 1 5.2888757179E-6
cu_e 1 1 1 5.2891188E-6
cys__L_e 1 1 1 3.32928E-4
fe2_e 1 1 1 4.56128E-5
fe3_e 1 1 1 4.5607820759E-5
gln__L_e 1 1 1 1.3680340449E-4
glu__L_e 1 1 1 1.3457487E-2
gly_e 1 1 1 4.262859E-3
gua_e 1 1 1 3.0594660877E-4
h2o_e 1 1 1 5.5509209624E1
h2s_e 1 1 1 9.6914262521E-8
h_e 1 1 1 9.9966666694E-8
his__L_e 1 1 1 1.6432755951E-1
ile__L_e 1 1 1 5.336383E-3
k_e 1 1 1 2.5797470777E-3
leu__L_e 1 1 1 7.280351E-3
lys__L_e 1 1 1 5.8142333465E-3
man_e 1 1 1 1.2706990809E-3
met__L_e 1 1 1 1.6754601977E-3
mg2_e 1 1 1 1.7469630258E-3
mn2_e 1 1 1 1.1032126889E-5
mobd_e 1 1 1 1E3
na1_e 1 1 1 1.86931246E-1
nac_e 1 1 1 1.63268622E-5
nh4_e 1 1 1 2.3716462801E-3
ni2_e 1 1 1 2.07757313E-6
o2_e 1 1 1 1.8194280329E-2
phe__L_e 1 1 1 3.9347514815E-3
pi_e 1 1 1 4.437905916E-3
pnto__R_e 1 1 1 2.4172997272E-6
pro__L_e 1 1 1 6.6006359876E-3
pydx_e 1 1 1 4.43314813E-7
ser__L_e 1 1 1 2.854614E-3
so4_e 1 1 1 3.9026703685E-4
succ_e 1 1 1 2.3435538922E-5
thm_e 1 1 1 2.070695324E-6
thr__L_e 1 1 1 2.1824864487E-3
trp__L_e 1 1 1 5.1410951126E-4
tyr__L_e 1 1 1 1.0485697221E-3
ura_e 1 1 1 2.8138126299E-4
val__L_e 1 1 1 6.530201E-3
zn2_e 1 1 1 4.9372188309E-4
acald_e 2 1 1 1.9327425138E-5
ade_e 2 1 1 3.2695169349E-4
adocbl_e 2 1 1 2.58226354E-12
ala__L_e 2 1 1 6.73446E-3
arg__L_e 2 1 1 3.6151571458E-3
ascb__L_e 2 1 1 8.51692028E-8
asn__L_e 2 1 1 8.3202862428E-4
asp__L_e 2 1 1 5.897688E-3
btn_e 2 1 1 2.75720165E-8
ca2_e 2 1 1 8.0090225325E-5
cd2_e 2 1 1 6.67176686E-8
chol_e 2 1 1 1.53595085E-5
cl_e 2 1 1 1.7182088943E-1
co2_e 2 1 1 4.4330882615E-5
cobalt2_e 2 1 1 2.9687870329E-7
csn_e 2 1 1 1.96213E-4
cu2_e 2 1 1 5.288631875E-6
cu_e 2 1 1 5.2891188E-6
cys__L_e 2 1 1 3.32928E-4
fe2_e 2 1 1 4.56128E-5
fe3_e 2 1 1 4.5602825936E-5
gln__L_e 2 1 1 1.3675766789E-4
glu__L_e 2 1 1 1.3457487E-2
gly_e 2 1 1 4.262859E-3
gua_e 2 1 1 3.0586295657E-4
h2o_e 2 1 1 5.5509123348E1
h2s_e 2 1 1 1.9412732381E-7
h_e 2 1 1 9.9933230253E-8
his__L_e 2 1 1 1.6430534969E-1
ile__L_e 2 1 1 5.336383E-3
k_e 2 1 1 2.5796799459E-3
leu__L_e 2 1 1 7.280351E-3
lys__L_e 2 1 1 5.8141153249E-3
man_e 2 1 1 1.2702758552E-3
met__L_e 2 1 1 1.6754072301E-3
mg2_e 2 1 1 1.7469600422E-3
mn2_e 2 1 1 1.1031889237E-5
mobd_e 2 1 1 1E3
na1_e 2 1 1 1.86931246E-1
nac_e 2 1 1 1.63268622E-5
nh4_e 2 1 1 2.4386405714E-3
ni2_e 2 1 1 2.07757313E-6
o2_e 2 1 1 1.8188542749E-2
phe__L_e 2 1 1 3.9346877642E-3
pi_e 2 1 1 4.4375667739E-3
pnto__R_e 2 1 1 2.4171016263E-6
pro__L_e 2 1 1 6.5990583045E-3
pydx_e 2 1 1 4.43314813E-7
ser__L_e 2 1 1 2.854614E-3
so4_e 2 1 1 3.9013667148E-4
succ_e 2 1 1 4.6944499159E-5
thm_e 2 1 1 2.0706186287E-6
thr__L_e 2 1 1 2.1822993136E-3
trp__L_e 2 1 1 5.1408996153E-4
tyr__L_e 2 1 1 1.0485222962E-3
ura_e 2 1 1 2.812872359E-4
val__L_e 2 1 1 6.530201E-3
zn2_e 2 1 1 4.9372176581E-4
acald_e 3 1 1 2.9036517423E-5
ade_e 3 1 1 3.268812109E-4
adocbl_e 3 1 1 2.58226354E-12
ala__L_e 3 1 1 6.73446E-3
arg__L_e 3 1 1 3.6150550973E-3
ascb__L_e 3 1 1 8.51692028E-8
asn__L_e 3 1 1 8.3175014914E-4
asp__L_e 3 1 1 5.897688E-3
btn_e 3 1 1 2.75720165E-8
ca2_e 3 1 1 8.0088429597E-5
cd2_e 3 1 1 6.67176686E-8
chol_e 3 1 1 1.53595085E-5
cl_e 3 1 1 1.7182088763E-1
co2_e 3 1 1 6.6052930767E-5
cobalt2_e 3 1 1 2.9684420322E-7
csn_e 3 1 1 1.96213E-4
cu2_e 3 1 1 5.2883872696E-6
cu_e 3 1 1 5.2891188E-6
cys__L_e 3 1 1 3.32928E-4
fe2_e 3 1 1 4.56128E-5
fe3_e 3 1 1 4.5597815491E-5
gln__L_e 3 1 1 1.3671178986E-4
glu__L_e 3 1 1 1.3457487E-2
gly_e 3 1 1 4.262859E-3
gua_e 3 1 1 3.0577904275E-4
h2o_e 3 1 1 5.5509036802E1
h2s_e 3 1 1 2.916398909E-7
h_e 3 1 1 9.989969043E-8
his__L_e 3 1 1 1.6428307036E-1
ile__L_e 3 1 1 5.336383E-3
k_e 3 1 1 2.5796126042E-3
leu__L_e 3 1 1 7.280351E-3
lys__L_e 3 1 1 5.8139969341E-3
man_e 3 1 1 1.2698513197E-3
met__L_e 3 1 1 1.6753540969E-3
mg2_e 3 1 1 1.7469570493E-3
mn2_e 3 1 1 1.1031650842E-5
mobd_e 3 1 1 1E3
na1_e 3 1 1 1.86931246E-1
nac_e 3 1 1 1.63268622E-5
nh4_e 3 1 1 2.5058445247E-3
ni2_e 3 1 1 2.07757313E-6
o2_e 3 1 1 1.8182787216E-2
phe__L_e 3 1 1 3.9346238477E-3
pi_e 3 1 1 4.4372265712E-3
pnto__R_e 3 1 1 2.4169029059E-6
pro__L_e 3 1 1 6.5974756492E-3
pydx_e 3 1 1 4.43314813E-7
ser__L_e 3 1 1 2.854614E-3
so4_e 3 1 1 3.9000590292E-4
succ_e 3 1 1 7.0527062628E-5
thm_e 3 1 1 2.0705416936E-6
thr__L_e 3 1 1 2.1821115932E-3
trp__L_e 3 1 1 5.1407035066E-4
tyr__L_e 3 1 1 1.048474722E-3
ura_e 3 1 1 2.8119291803E-4
val__L_e 3 1 1 6.530201E-3
zn2_e 3 1 1 4.9372164816E-4
acald_e 4 1 1 3.8775962448E-5
ade_e 4 1 1 3.2681050802E-4
adocbl_e 4 1 1 2.58226354E-12
ala__L_e 4 1 1 6.73446E-3
arg__L_e 4 1 1 3.61495273E-3
ascb__L_e 4 1 1 8.51692028E-8
asn__L_e 4 1 1 8.3147081308E-4
asp__L_e 4 1 1 5.897688E-3
btn_e 4 1 1 2.75720165E-8
ca2_e 4 1 1 8.0086628256E-5
cd2_e 4 1 1 6.67176686E-8
chol_e 4 1 1 1.53595085E-5
cl_e 4 1 1 1.7182088583E-1
co2_e 4 1 1 8.7842842774E-5
cobalt2_e 4 1 1 2.9680959533E-7
csn_e 4 1 1 1.96213E-4
cu2_e 4 1 1 5.2881418996E-6
cu_e 4 1 1 5.2891188E-6
cys__L_e 4 1 1 3.32928E-4
fe2_e 4 1 1 4.56128E-5
fe3_e 4 1 1 4.5592789387E-5
gln__L_e 4 1 1 1.3666577007E-4
glu__L_e 4 1 1 1.3457487E-2
gly_e 4 1 1 4.262859E-3
gua_e 4 1 1 3.0569486668E-4
h2o_e 4 1 1 5.5508949985E1
h2s_e 4 1 1 3.894526711E-7
h_e 4 1 1 9.986604698E-8
his__L_e 4 1 1 1.6426072136E-1
ile__L_e 4 1 1 5.336383E-3
k_e 4 1 1 2.579545052E-3
leu__L_e 4 1 1 7.280351E-3
lys__L_e 4 1 1 5.8138781733E-3
man_e 4 1 1 1.2694254713E-3
met__L_e 4 1 1 1.6753007977E-3
mg2_e 4 1 1 1.7469540471E-3
mn2_e 4 1 1 1.1031411701E-5
mobd_e 4 1 1 1E3
na1_e 4 1 1 1.86931246E-1
nac_e 4 1 1 1.63268622E-5
nh4_e 4 1 1 2.5732586577E-3
ni2_e 4 1 1 2.07757313E-6
o2_e 4 1 1 1.8177013684E-2
phe__L_e 4 1 1 3.9345597314E-3
pi_e 4 1 1 4.4368853052E-3
pnto__R_e 4 1 1 2.4167035644E-6
pro__L_e 4 1 1 6.5958880092E-3
pydx_e 4 1 1 4.43314813E-7
ser__L_e 4 1 1 2.854614E-3
so4_e 4 1 1 3.8987473021E-4
succ_e 4 1 1 9.4183411362E-5
thm_e 4 1 1 2.070464518E-6
thr__L_e 4 1 1 2.1819232861E-3
trp__L_e 4 1 1 5.1405067849E-4
tyr__L_e 4 1 1 1.0484269991E-3
ura_e 4 1 1 2.8109830869E-4
val__L_e 4 1 1 6.530201E-3
zn2_e 4 1 1 4.9372153015E-4
acald_e 5 1 1 4.854583497E-5
ade_e 5 1 1 3.2673958431E-4
adocbl_e 5 1 1 2.58226354E-12
ala__L_e 5 1 1 6.73446E-3
arg__L_e 5 1 1 3.613745688E-3
ascb__L_e 5 1 1 8.51692028E-8
asn__L_e 5 1 1 8.3119061404E-4
asp__L_e 5 1 1 5.897688E-3
btn_e 5 1 1 2.75720165E-8
ca2_e 5 1 1 8.0084821289E-5
cd2_e 5 1 1 6.67176686E-8
chol_e 5 1 1 1.53595085E-5
cl_e 5 1 1 1.7182088402E-1
co2_e 5 1 1 1.1080514035E-4
cobalt2_e 5 1 1 2.9677487935E-7
csn_e 5 1 1 1.96213E-4
cu2_e 5 1 1 5.2878957633E-6
cu_e 5 1 1 5.2891188E-6
cys__L_e 5 1 1 3.32928E-4
fe2_e 5 1 1 4.56128E-5
fe3_e 5 1 1 4.5587747586E-5
gln__L_e 5 1 1 1.3661960818E-4
glu__L_e 5 1 1 1.3457487E-2
gly_e 5 1 1 4.262859E-3
gua_e 5 1 1 3.0561042769E-4
h2o_e 5 1 1 5.5508860688E1
h2s_e 5 1 1 4.8756637182E-7
h_e 5 1 1 9.9832299654E-8
his__L_e 5 1 1 1.6423830252E-1
ile__L_e 5 1 1 5.336383E-3
k_e 5 1 1 2.5794772889E-3
leu__L_e 5 1 1 7.280351E-3
lys__L_e 5 1 1 5.8137590416E-3
man_e 5 1 1 1.2689983069E-3
met__L_e 5 1 1 1.6752473319E-3
mg2_e 5 1 1 1.7469510355E-3
mn2_e 5 1 1 1.1031171814E-5
mobd_e 5 1 1 1E3
na1_e 5 1 1 1.86931246E-1
nac_e 5 1 1 1.63268622E-5
nh4_e 5 1 1 2.6441965535E-3
ni2_e 5 1 1 2.07757313E-6
o2_e 5 1 1 1.8171222109E-2
phe__L_e 5 1 1 3.9344954148E-3
pi_e 5 1 1 4.4365429733E-3
pnto__R_e 5 1 1 2.4165036003E-6
pro__L_e 5 1 1 6.5953997269E-3
pydx_e 5 1 1 4.43314813E-7
ser__L_e 5 1 1 2.854614E-3
so4_e 5 1 1 3.8974315239E-4
succ_e 5 1 1 1.179137275E-4
thm_e 5 1 1 2.0703871013E-6
thr__L_e 5 1 1 2.1817343909E-3
trp__L_e 5 1 1 5.1403094489E-4
tyr__L_e 5 1 1 1.0483791271E-3
ura_e 5 1 1 2.8100340717E-4
val__L_e 5 1 1 6.530201E-3
zn2_e 5 1 1 4.9372141177E-4
