ade_e 0 1 1 3.27092E-4
adocbl_e 0 1 1 2.58226354E-12
ala__L_e 0 1 1 6.73446E-3
arg__L_e 0 1 1 3.61645E-3
ascb__L_e 0 1 1 8.51692028E-8
asn__L_e 0 1 1 8.32583E-4
asp__L_e 0 1 1 5.897688E-3
btn_e 0 1 1 2.75720165E-8
ca2_e 0 1 1 8.00938E-5
cd2_e 0 1 1 6.67176686E-8
chol_e 0 1 1 1.53595085E-5
cl_e 0 1 1 1.71820893E-1
cobalt2_e 0 1 1 2.96947381E-7
csn_e 0 1 1 1.96213E-4
cu2_e 0 1 1 5.2891188E-6
cu_e 0 1 1 5.2891188E-6
cys__L_e 0 1 1 3.32928E-4
fe2_e 0 1 1 4.56128E-5
fe3_e 0 1 1 4.56128E-5
gln__L_e 0 1 1 1.36849E-4
glu__L_e 0 1 1 1.3457487E-2
gly_e 0 1 1 4.262859E-3
gua_e 0 1 1 3.0603E-4
h2o_e 0 1 1 5.550929781E1
h_e 0 1 1 1E-7
his__L_e 0 1 1 1.643497E-1
ile__L_e 0 1 1 5.336383E-3
k_e 0 1 1 2.579814E-3
leu__L_e 0 1 1 7.280351E-3
lys__L_e 0 1 1 5.814351E-3
man_e 0 1 1 1.271121E-3
met__L_e 0 1 1 1.675513E-3
mg2_e 0 1 1 1.746966E-3
mn2_e 0 1 1 1.10323638E-5
mobd_e 0 1 1 1E3
na1_e 0 1 1 1.86931246E-1
nac_e 0 1 1 1.63268622E-5
nh4_e 0 1 1 2.301592E-3
ni2_e 0 1 1 2.07757313E-6
o2_e 0 1 1 1.82E-2
phe__L_e 0 1 1 3.934815E-3
pi_e 0 1 1 4.438244E-3
pnto__R_e 0 1 1 2.41749721E-6
pro__L_e 0 1 1 6.601119E-3
pydx_e 0 1 1 4.43314813E-7
ser__L_e 0 1 1 2.854614E-3
so4_e 0 1 1 3.90397E-4
thm_e 0 1 1 2.07077178E-6
thr__L_e 0 1 1 2.182673E-3
trp__L_e 0 1 1 5.14129E-4
tyr__L_e 0 1 1 1.048617E-3
ura_e 0 1 1 2.81475E-4
val__L_e 0 1 1 6.530201E-3
zn2_e 0 1 1 4.93722E-4
4hbz_e 1 1 1 7.469705901E-11
ade_e 1 1 1 3.2702356778E-4
adocbl_e 1 1 1 2.58226354E-12
ala__L_e 1 1 1 6.73446E-3
arg__L_e 1 1 1 3.615258876E-3
ascb__L_e 1 1 1 8.51692028E-8
asn__L_e 1 1 1 8.3250225516E-4
asp__L_e 1 1 1 5.897688E-3
btn_e 1 1 1 2.75720165E-8
ca2_e 1 1 1 8.009205651E-5
cd2_e 1 1 1 6.67176686E-8
chol_e 1 1 1 1.53595085E-5
cl_e 1 1 1 1.7182089126E-1
co2_e 1 1 1 1.0125111866E-5
cobalt2_e 1 1 1 2.9691388456E-7
csn_e 1 1 1 1.9619593246E-4
cu2_e 1 1 1 5.2888813102E-6
cu_e 1 1 1 5.2891188E-6
cys__L_e 1 1 1 3.3289705632E-4
fe2_e 1 1 1 4.56128E-5
fe3_e 1 1 1 4.5607935312E-5
gln__L_e 1 1 1 1.3680340449E-4
glu__L_e 1 1 1 1.345479845E-2
gly_e 1 1 1 4.262859E-3
gua_e 1 1 1 3.0594852728E-4
h2o_e 1 1 1 5.5509301896E1
h_e 1 1 1 9.9966666694E-8
his__L_e 1 1 1 1.6434966827E-1
ile__L_e 1 1 1 5.3362856831E-3
k_e 1 1 1 2.5797486173E-3
leu__L_e 1 1 1 7.280351E-3
lys__L_e 1 1 1 5.8142360533E-3
man_e 1 1 1 1.2706990809E-3
meoh_e 1 1 1 1.5262631484E-6
met__L_e 1 1 1 1.675461446E-3
mg2_e 1 1 1 1.7469630942E-3
mn2_e 1 1 1 1.103213234E-5
mobd_e 1 1 1 1E3
na1_e 1 1 1 1.86931246E-1
nac_e 1 1 1 1.63268622E-5
nh4_e 1 1 1 2.3040253456E-3
ni2_e 1 1 1 2.07757313E-6
o2_e 1 1 1 1.8194280329E-2
orn_e 1 1 1 3.1709966078E-6
oxa_e 1 1 1 3.349643492E-11
phe__L_e 1 1 1 3.9347529093E-3
pi_e 1 1 1 4.437913694E-3
pnto__R_e 1 1 1 2.4173042705E-6
pro__L_e 1 1 1 6.598966002E-3
pydx_e 1 1 1 4.43314813E-7
ser__L_e 1 1 1 2.8536714313E-3
so4_e 1 1 1 3.9039554692E-4
thm_e 1 1 1 2.07077178E-6
thr__L_e 1 1 1 2.1825880239E-3
trp__L_e 1 1 1 5.1410995962E-4
tyr__L_e 1 1 1 1.0485707351E-3
ura_e 1 1 1 2.8138126299E-4
val__L_e 1 1 1 6.530201E-3
zn2_e 1 1 1 4.9372188578E-4
4hbz_e 2 1 1 1.4962195433E-10
ade_e 2 1 1 3.2695492683E-4
adocbl_e 2 1 1 2.58226354E-12
ala__L_e 2 1 1 6.73446E-3
arg__L_e 2 1 1 3.6140641512E-3
ascb__L_e 2 1 1 8.51692028E-8
asn__L_e 2 1 1 8.3242126403E-4
asp__L_e 2 1 1 5.897688E-3
btn_e 2 1 1 2.75720165E-8
ca2_e 2 1 1 8.0090307703E-5
cd2_e 2 1 1 6.67176686E-8
chol_e 2 1 1 1.53595085E-5
cl_e 2 1 1 1.7182088951E-1
co2_e 2 1 1 2.0281055611E-5
cobalt2_e 2 1 1 2.9688028595E-7
csn_e 2 1 1 1.9617880964E-4
cu2_e 2 1 1 5.2886430961E-6
cu_e 2 1 1 5.2891188E-6
cys__L_e 2 1 1 3.3286601827E-4
fe2_e 2 1 1 4.56128E-5
fe3_e 2 1 1 4.5603055786E-5
gln__L_e 2 1 1 1.3675767148E-4
glu__L_e 2 1 1 1.3452101679E-2
gly_e 2 1 1 4.262859E-3
gua_e 2 1 1 3.0586680606E-4
h2o_e 2 1 1 5.5509305994E1
h_e 2 1 1 9.9933232881E-8
his__L_e 2 1 1 1.6434963644E-1
ile__L_e 2 1 1 5.3361880694E-3
k_e 2 1 1 2.5796830352E-3
leu__L_e 2 1 1 7.280351E-3
lys__L_e 2 1 1 5.814120756E-3
man_e 2 1 1 1.2702758884E-3
meoh_e 2 1 1 3.0571275644E-6
met__L_e 2 1 1 1.6754097347E-3
mg2_e 2 1 1 1.7469601795E-3
mn2_e 2 1 1 1.1031900173E-5
mobd_e 2 1 1 1E3
na1_e 2 1 1 1.86931246E-1
nac_e 2 1 1 1.63268622E-5
nh4_e 2 1 1 2.3086256064E-3
ni2_e 2 1 1 2.07757313E-6
o2_e 2 1 1 1.81885432E-2
orn_e 2 1 1 4.1920680753E-6
oxa_e 2 1 1 6.7095039519E-11
phe__L_e 2 1 1 3.9346906293E-3
pi_e 2 1 1 4.4375823804E-3
pnto__R_e 2 1 1 2.4171107426E-6
pro__L_e 2 1 1 6.598966002E-3
pydx_e 2 1 1 4.43314813E-7
ser__L_e 2 1 1 2.8527260148E-3
so4_e 2 1 1 3.9039408942E-4
thm_e 2 1 1 2.07077178E-6
thr__L_e 2 1 1 2.1825027886E-3
trp__L_e 2 1 1 5.1409086116E-4
tyr__L_e 2 1 1 1.048524329E-3
ura_e 2 1 1 2.8128724329E-4
val__L_e 2 1 1 6.530201E-3
zn2_e 2 1 1 4.9372177121E-4
4hbz_e 3 1 1 2.2477523015E-10
ade_e 3 1 1 3.2688607665E-4
adocbl_e 3 1 1 2.58226354E-12
ala__L_e 3 1 1 6.73446E-3
arg__L_e 3 1 1 3.612865817E-3
ascb__L_e 3 1 1 8.51692028E-8
asn__L_e 3 1 1 8.3234002604E-4
asp__L_e 3 1 1 5.897688E-3
btn_e 3 1 1 2.75720165E-8
ca2_e 3 1 1 8.0088553565E-5
cd2_e 3 1 1 6.67176686E-8
chol_e 3 1 1 1.53595085E-5
cl_e 3 1 1 1.7182088775E-1
co2_e 3 1 1 3.046790452E-5
cobalt2_e 3 1 1 2.9684658493E-7
csn_e 3 1 1 1.961616314E-4
cu2_e 3 1 1 5.2884041559E-6
cu_e 3 1 1 5.2891188E-6
cys__L_e 3 1 1 3.328348856E-4
fe2_e 3 1 1 4.56128E-5
fe3_e 3 1 1 4.5598161387E-5
gln__L_e 3 1 1 1.3671180066E-4
glu__L_e 3 1 1 1.344939667E-2
gly_e 3 1 1 4.262859E-3
gua_e 3 1 1 3.0578483574E-4
h2o_e 3 1 1 5.5509310105E1
h_e 3 1 1 9.989969833E-8
his__L_e 3 1 1 1.6434960451E-1
ile__L_e 3 1 1 5.3360901582E-3
k_e 3 1 1 2.5796172531E-3
leu__L_e 3 1 1 7.280351E-3
lys__L_e 3 1 1 5.8140051072E-3
man_e 3 1 1 1.2698514197E-3
meoh_e 3 1 1 4.5926038711E-6
met__L_e 3 1 1 1.6753578658E-3
mg2_e 3 1 1 1.7469572559E-3
mn2_e 3 1 1 1.1031667299E-5
mobd_e 3 1 1 1E3
na1_e 3 1 1 1.86931246E-1
nac_e 3 1 1 1.63268622E-5
nh4_e 3 1 1 2.3132398169E-3
ni2_e 3 1 1 2.07757313E-6
o2_e 3 1 1 1.8182788571E-2
orn_e 3 1 1 5.2162195098E-6
oxa_e 3 1 1 1.00796057E-10
phe__L_e 3 1 1 3.9346281594E-3
pi_e 3 1 1 4.437250057E-3
pnto__R_e 3 1 1 2.4169166247E-6
pro__L_e 3 1 1 6.598966002E-3
pydx_e 3 1 1 4.43314813E-7
ser__L_e 3 1 1 2.8517777436E-3
so4_e 3 1 1 3.9039262747E-4
thm_e 3 1 1 2.07077178E-6
thr__L_e 3 1 1 2.1824172935E-3
trp__L_e 3 1 1 5.1407170449E-4
tyr__L_e 3 1 1 1.0484777815E-3
ura_e 3 1 1 2.8119294024E-4
val__L_e 3 1 1 6.530201E-3
zn2_e 3 1 1 4.9372165629E-4
4hbz_e 4 1 1 3.0015743112E-10
ade_e 4 1 1 3.2681701675E-4
adocbl_e 4 1 1 2.58226354E-12
ala__L_e 4 1 1 6.73446E-3
arg__L_e 4 1 1 3.6116638652E-3
ascb__L_e 4 1 1 8.51692028E-8
asn__L_e 4 1 1 8.3225854058E-4
asp__L_e 4 1 1 5.897688E-3
btn_e 4 1 1 2.75720165E-8
ca2_e 4 1 1 8.0086794083E-5
cd2_e 4 1 1 6.67176686E-8
chol_e 4 1 1 1.53595085E-5
cl_e 4 1 1 1.7182088599E-1
co2_e 4 1 1 4.0685731914E-5
cobalt2_e 4 1 1 2.9681278125E-7
csn_e 4 1 1 1.9614439757E-4
cu2_e 4 1 1 5.2881644878E-6
cu_e 4 1 1 5.2891188E-6
cys__L_e 4 1 1 3.328036581E-4
fe2_e 4 1 1 4.56128E-5
fe3_e 4 1 1 4.5593252079E-5
gln__L_e 4 1 1 1.3666579172E-4
glu__L_e 4 1 1 1.34466834E-2
gly_e 4 1 1 4.262859E-3
gua_e 4 1 1 3.0570261573E-4
h2o_e 4 1 1 5.5509314228E1
h_e 4 1 1 9.9866062808E-8
his__L_e 4 1 1 1.6434957248E-1
ile__L_e 4 1 1 5.3359919487E-3
k_e 4 1 1 2.5795512707E-3
leu__L_e 4 1 1 7.280351E-3
lys__L_e 4 1 1 5.8138891062E-3
man_e 4 1 1 1.2694256717E-3
meoh_e 4 1 1 6.1327026945E-6
met__L_e 4 1 1 1.6753058389E-3
mg2_e 4 1 1 1.7469543235E-3
mn2_e 4 1 1 1.1031433716E-5
mobd_e 4 1 1 1E3
na1_e 4 1 1 1.86931246E-1
nac_e 4 1 1 1.63268622E-5
nh4_e 4 1 1 2.3178680101E-3
ni2_e 4 1 1 2.07757313E-6
o2_e 4 1 1 1.81770164E-2
orn_e 4 1 1 6.2434580342E-6
oxa_e 4 1 1 1.3459973077E-10
phe__L_e 4 1 1 3.9345654992E-3
pi_e 4 1 1 4.4369167213E-3
pnto__R_e 4 1 1 2.4167219156E-6
pro__L_e 4 1 1 6.598966002E-3
pydx_e 4 1 1 4.43314813E-7
ser__L_e 4 1 1 2.8508266113E-3
so4_e 4 1 1 3.9039116106E-4
thm_e 4 1 1 2.07077178E-6
thr__L_e 4 1 1 2.1823315379E-3
trp__L_e 4 1 1 5.1405248947E-4
tyr__L_e 4 1 1 1.0484310922E-3
ura_e 4 1 1 2.810983532E-4
val__L_e 4 1 1 6.530201E-3
zn2_e 4 1 1 4.9372154101E-4
4hbz_e 5 1 1 3.7576910099E-10
ade_e 5 1 1 3.2674774663E-4
adocbl_e 5 1 1 2.58226354E-12
ala__L_e 5 1 1 6.73446E-3
arg__L_e 5 1 1 3.6104582873E-3
ascb__L_e 5 1 1 8.51692028E-8
asn__L_e 5 1 1 8.3217680708E-4
asp__L_e 5 1 1 5.897688E-3
btn_e 5 1 1 2.75720165E-8
ca2_e 5 1 1 8.0085029246E-5
cd2_e 5 1 1 6.67176686E-8
chol_e 5 1 1 1.53595085E-5
cl_e 5 1 1 1.7182088423E-1
co2_e 5 1 1 5.0934611147E-5
cobalt2_e 5 1 1 2.9677887467E-7
csn_e 5 1 1 1.9612710801E-4
cu2_e 5 1 1 5.2879240902E-6
cu_e 5 1 1 5.2891188E-6
cys__L_e 5 1 1 3.3277233554E-4
fe2_e 5 1 1 4.56128E-5
fe3_e 5 1 1 4.5588327826E-5
gln__L_e 5 1 1 1.3661964433E-4
glu__L_e 5 1 1 1.3443961852E-2
gly_e 5 1 1 4.262859E-3
gua_e 5 1 1 3.0562014543E-4
h2o_e 5 1 1 5.5509318364E1
h_e 5 1 1 9.9832326082E-8
his__L_e 5 1 1 1.6434954036E-1
ile__L_e 5 1 1 5.3358934403E-3
k_e 5 1 1 2.5794850874E-3
leu__L_e 5 1 1 7.280351E-3
lys__L_e 5 1 1 5.813772752E-3
man_e 5 1 1 1.2689986415E-3
meoh_e 5 1 1 7.6774346627E-6
met__L_e 5 1 1 1.6752536536E-3
mg2_e 5 1 1 1.7469513821E-3
mn2_e 5 1 1 1.1031199421E-5
mobd_e 5 1 1 1E3
na1_e 5 1 1 1.86931246E-1
nac_e 5 1 1 1.63268622E-5
nh4_e 5 1 1 2.3225102187E-3
ni2_e 5 1 1 2.07757313E-6
o2_e 5 1 1 1.8171226645E-2
orn_e 5 1 1 7.2737907728E-6
oxa_e 5 1 1 1.6850630568E-10
phe__L_e 5 1 1 3.9345026482E-3
pi_e 5 1 1 4.4365823709E-3
pnto__R_e 5 1 1 2.4165266137E-6
pro__L_e 5 1 1 6.598966002E-3
pydx_e 5 1 1 4.43314813E-7
ser__L_e 5 1 1 2.8498726111E-3
so4_e 5 1 1 3.903896902E-4
thm_e 5 1 1 2.07077178E-6
thr__L_e 5 1 1 2.1822455214E-3
trp__L_e 5 1 1 5.1403321595E-4
tyr__L_e 5 1 1 1.0483842607E-3
ura_e 5 1 1 2.8100348149E-4
val__L_e 5 1 1 6.530201E-3
zn2_e 5 1 1 4.9372142539E-4
