ade_e 0 1 1 3.27092E-4
adocbl_e 0 1 1 2.58226354E-12
ala__L_e 0 1 1 6.73446E-3
arg__L_e 0 1 1 3.61645E-3
ascb__L_e 0 1 1 8.51692028E-8
asn__L_e 0 1 1 8.32583E-4
asp__L_e 0 1 1 5.897688E-3
btn_e 0 1 1 2.75720165E-8
ca2_e 0 1 1 8.00938E-5
cd2_e 0 1 1 6.67176686E-8
chol_e 0 1 1 1.53595085E-5
cl_e 0 1 1 1.71820893E-1
cobalt2_e 0 1 1 2.96947381E-7
csn_e 0 1 1 1.96213E-4
cu2_e 0 1 1 5.2891188E-6
cu_e 0 1 1 5.2891188E-6
cys__L_e 0 1 1 3.32928E-4
fe2_e 0 1 1 4.56128E-5
fe3_e 0 1 1 4.56128E-5
gln__L_e 0 1 1 1.36849E-4
glu__L_e 0 1 1 1.3457487E-2
gly_e 0 1 1 4.262859E-3
gua_e 0 1 1 3.0603E-4
h2o_e 0 1 1 5.550929781E1
h_e 0 1 1 1E-7
his__L_e 0 1 1 1.643497E-1
ile__L_e 0 1 1 5.336383E-3
k_e 0 1 1 2.579814E-3
leu__L_e 0 1 1 7.280351E-3
lys__L_e 0 1 1 5.814351E-3
man_e 0 1 1 1.271121E-3
met__L_e 0 1 1 1.675513E-3
mg2_e 0 1 1 1.746966E-3
mn2_e 0 1 1 1.10323638E-5
mobd_e 0 1 1 1E3
na1_e 0 1 1 1.86931246E-1
nac_e 0 1 1 1.63268622E-5
nh4_e 0 1 1 2.301592E-3
ni2_e 0 1 1 2.07757313E-6
o2_e 0 1 1 1.82E-2
phe__L_e 0 1 1 3.934815E-3
pi_e 0 1 1 4.438244E-3
pnto__R_e 0 1 1 2.41749721E-6
pro__L_e 0 1 1 6.601119E-3
pydx_e 0 1 1 4.43314813E-7
ser__L_e 0 1 1 2.854614E-3
so4_e 0 1 1 3.90397E-4
thm_e 0 1 1 2.07077178E-6
thr__L_e 0 1 1 2.182673E-3
trp__L_e 0 1 1 5.14129E-4
tyr__L_e 0 1 1 1.048617E-3
ura_e 0 1 1 2.81475E-4
val__L_e 0 1 1 6.530201E-3
zn2_e 0 1 1 4.93722E-4
4hba_c 1 1 1 7.3971198808E-11
ade_e 1 1 1 3.2704545774E-4
adocbl_e 1 1 1 2.58226354E-12
ala__L_e 1 1 1 6.73446E-3
arg__L_e 1 1 1 3.616351883E-3
ascb__L_e 1 1 1 8.51692028E-8
asn__L_e 1 1 1 8.3230624055E-4
asp__L_e 1 1 1 5.897688E-3
btn_e 1 1 1 2.75720165E-8
ca2_e 1 1 1 8.0092073453E-5
cd2_e 1 1 1 6.67176686E-8
chol_e 1 1 1 1.53595085E-5
cl_e 1 1 1 1.7182089127E-1
co2_e 1 1 1 6.0258611068E-6
cobalt2_e 1 1 1 2.9691421006E-7
csn_e 1 1 1 1.9619700919E-4
cu2_e 1 1 1 5.288883618E-6
cu_e 1 1 1 5.2891188E-6
cys__L_e 1 1 1 3.3289735702E-4
fe2_e 1 1 1 4.56128E-5
fe3_e 1 1 1 4.5607982584E-5
for_e 1 1 1 6.9891172016E-10
gln__L_e 1 1 1 1.3680340449E-4
glu__L_e 1 1 1 1.3457485273E-2
gly_e 1 1 1 4.262859E-3
gua_e 1 1 1 3.05928094E-4
h2o_e 1 1 1 5.5509303434E1
h_e 1 1 1 9.9966666694E-8
his__L_e 1 1 1 1.6434966857E-1
ile__L_e 1 1 1 5.3362866288E-3
k_e 1 1 1 2.5797492526E-3
leu__L_e 1 1 1 7.280351E-3
lys__L_e 1 1 1 5.8142371703E-3
man_e 1 1 1 1.2706990809E-3
met__L_e 1 1 1 1.6754619469E-3
mg2_e 1 1 1 1.7469631224E-3
mn2_e 1 1 1 1.1032134589E-5
mobd_e 1 1 1 1E3
na1_e 1 1 1 1.86931246E-1
nac_e 1 1 1 1.6326106566E-5
nh4_e 1 1 1 2.3029400057E-3
ni2_e 1 1 1 2.07757313E-6
o2_e 1 1 1 1.8194280329E-2
phe__L_e 1 1 1 3.9347535127E-3
pi_e 1 1 1 4.4379169037E-3
pnto__R_e 1 1 1 2.41749721E-6
pro__L_e 1 1 1 6.5993678641E-3
pydx_e 1 1 1 4.43314813E-7
ser__L_e 1 1 1 2.8545332941E-3
so4_e 1 1 1 3.9039556104E-4
thm_e 1 1 1 2.07077178E-6
thr__L_e 1 1 1 2.1823949794E-3
trp__L_e 1 1 1 5.1411014464E-4
tyr__L_e 1 1 1 1.0485711846E-3
ura_e 1 1 1 2.8138126299E-4
val__L_e 1 1 1 6.5299109967E-3
zn2_e 1 1 1 4.9372188689E-4
4hba_c 2 1 1 1.4816565835E-10
ade_e 2 1 1 3.2699877146E-4
adocbl_e 2 1 1 2.58226354E-12
ala__L_e 2 1 1 6.73446E-3
arg__L_e 2 1 1 3.6162534699E-3
ascb__L_e 2 1 1 8.51692028E-8
asn__L_e 2 1 1 8.3202865511E-4
asp__L_e 2 1 1 5.897688E-3
btn_e 2 1 1 2.75720165E-8
ca2_e 2 1 1 8.0090341694E-5
cd2_e 2 1 1 6.67176686E-8
chol_e 2 1 1 1.53595085E-5
cl_e 2 1 1 1.7182088954E-1
co2_e 2 1 1 1.4700120869E-5
cobalt2_e 2 1 1 2.96880939E-7
csn_e 2 1 1 1.9618096685E-4
cu2_e 2 1 1 5.2886477262E-6
cu_e 2 1 1 5.2891188E-6
cys__L_e 2 1 1 3.3286662155E-4
fe2_e 2 1 1 4.5610565848E-5
fe3_e 2 1 1 4.560538478E-5
for_e 2 1 1 1.3999328997E-9
gln__L_e 2 1 1 1.3675767297E-4
glu__L_e 2 1 1 1.34552746E-2
gly_e 2 1 1 4.262859E-3
gua_e 2 1 1 3.0582588399E-4
h2o_e 2 1 1 5.5509309285E1
h_e 2 1 1 9.9933233966E-8
his__L_e 2 1 1 1.6434963705E-1
ile__L_e 2 1 1 5.3361899667E-3
k_e 2 1 1 2.5796843099E-3
leu__L_e 2 1 1 7.280351E-3
lys__L_e 2 1 1 5.814122997E-3
man_e 2 1 1 1.2702759022E-3
met__L_e 2 1 1 1.6754107398E-3
mg2_e 2 1 1 1.7469602362E-3
mn2_e 2 1 1 1.1031904686E-5
mobd_e 2 1 1 1E3
na1_e 2 1 1 1.86931246E-1
nac_e 2 1 1 1.6325348651E-5
nh4_e 2 1 1 2.3048181293E-3
ni2_e 2 1 1 2.07757313E-6
o2_e 2 1 1 1.8188543386E-2
phe__L_e 2 1 1 3.9346918398E-3
pi_e 2 1 1 4.4375888201E-3
pnto__R_e 2 1 1 2.41749721E-6
pro__L_e 2 1 1 6.5992943168E-3
pydx_e 2 1 1 4.43314813E-7
ser__L_e 2 1 1 2.8544523446E-3
so4_e 2 1 1 3.9039411775E-4
thm_e 2 1 1 2.07077178E-6
thr__L_e 2 1 1 2.1821161197E-3
trp__L_e 2 1 1 5.1409123237E-4
tyr__L_e 2 1 1 1.048525231E-3
ura_e 2 1 1 2.8128724634E-4
val__L_e 2 1 1 6.5296201182E-3
zn2_e 2 1 1 4.9372177343E-4
4hba_c 3 1 1 2.2258390486E-10
ade_e 3 1 1 3.2695194078E-4
adocbl_e 3 1 1 2.58226354E-12
ala__L_e 3 1 1 6.73446E-3
arg__L_e 3 1 1 3.6161547599E-3
ascb__L_e 3 1 1 8.51692028E-8
asn__L_e 3 1 1 8.3175024179E-4
asp__L_e 3 1 1 5.897688E-3
btn_e 3 1 1 2.75720165E-8
ca2_e 3 1 1 8.0088604712E-5
cd2_e 3 1 1 6.67176686E-8
chol_e 3 1 1 1.53595085E-5
cl_e 3 1 1 1.718208878E-1
co2_e 3 1 1 1.8306623232E-5
co_e 3 1 1 3.0041564325E-6
cobalt2_e 3 1 1 2.9684756759E-7
csn_e 3 1 1 1.9616487282E-4
cu2_e 3 1 1 5.2884111229E-6
cu_e 3 1 1 5.2891188E-6
cys__L_e 3 1 1 3.3283579337E-4
fe2_e 3 1 1 4.5608324958E-5
fe3_e 3 1 1 4.560277914E-5
for_e 3 1 1 1.1605298632E-6
gln__L_e 3 1 1 1.3671180512E-4
glu__L_e 3 1 1 1.3455272863E-2
gly_e 3 1 1 4.262859E-3
gua_e 3 1 1 3.0572336926E-4
h2o_e 3 1 1 5.5509315217E1
h_e 3 1 1 9.9899701589E-8
his__L_e 3 1 1 1.6434960544E-1
ile__L_e 3 1 1 5.3360930131E-3
k_e 3 1 1 2.5796191712E-3
leu__L_e 3 1 1 7.280351E-3
lys__L_e 3 1 1 5.8140084793E-3
man_e 3 1 1 1.2698514609E-3
met__L_e 3 1 1 1.6753593782E-3
mg2_e 3 1 1 1.7469573412E-3
mn2_e 3 1 1 1.1031674089E-5
mobd_e 3 1 1 1E3
na1_e 3 1 1 1.86931246E-1
nac_e 3 1 1 1.632458845E-5
nh4_e 3 1 1 2.3065156706E-3
ni2_e 3 1 1 2.07757313E-6
o2_e 3 1 1 1.818278913E-2
oxa_e 3 1 1 3.3371410992E-11
phe__L_e 3 1 1 3.9346299809E-3
pi_e 3 1 1 4.4372597469E-3
pnto__R_e 3 1 1 2.41749721E-6
pro__L_e 3 1 1 6.5971911716E-3
pydx_e 3 1 1 4.43314813E-7
ser__L_e 3 1 1 2.854371151E-3
so4_e 3 1 1 3.9039267009E-4
thm_e 3 1 1 2.07077178E-6
thr__L_e 3 1 1 2.1818364189E-3
trp__L_e 3 1 1 5.1407226306E-4
tyr__L_e 3 1 1 1.0484791387E-3
ura_e 3 1 1 2.8119294941E-4
val__L_e 3 1 1 6.5293283623E-3
zn2_e 3 1 1 4.9372165964E-4
4hba_c 4 1 1 2.9722646482E-10
ade_e 4 1 1 3.2690496535E-4
adocbl_e 4 1 1 2.58226354E-12
ala__L_e 4 1 1 6.73446E-3
arg__L_e 4 1 1 3.6160557524E-3
ascb__L_e 4 1 1 8.51692028E-8
asn__L_e 4 1 1 8.3147099872E-4
asp__L_e 4 1 1 5.897688E-3
btn_e 4 1 1 2.75720165E-8
ca2_e 4 1 1 8.0086862494E-5
cd2_e 4 1 1 6.67176686E-8
chol_e 4 1 1 1.53595085E-5
cl_e 4 1 1 1.7182088606E-1
co2_e 4 1 1 4.1651978942E-5
co_e 4 1 1 8.7756170891E-6
cobalt2_e 4 1 1 2.9681409559E-7
csn_e 4 1 1 1.9614872697E-4
cu2_e 4 1 1 5.2881738064E-6
cu_e 4 1 1 5.2891188E-6
cys__L_e 4 1 1 3.3280487227E-4
fe2_e 4 1 1 4.5608324958E-5
fe3_e 4 1 1 4.5597918002E-5
for_e 4 1 1 7.4616033046E-6
gln__L_e 4 1 1 1.3666580065E-4
glu__L_e 4 1 1 1.3455271121E-2
gly_e 4 1 1 4.262859E-3
gua_e 4 1 1 3.0562054912E-4
h2_e 4 1 1 2.6853858274E-5
h2o_e 4 1 1 5.5509277205E1
h_e 4 1 1 9.9866069338E-8
his__L_e 4 1 1 1.6434327336E-1
ile__L_e 4 1 1 5.3359957672E-3
k_e 4 1 1 2.5795538362E-3
leu__L_e 4 1 1 7.280351E-3
lys__L_e 4 1 1 5.8138936165E-3
man_e 4 1 1 1.2694257543E-3
met__L_e 4 1 1 1.6753078618E-3
mg2_e 4 1 1 1.7469544375E-3
mn2_e 4 1 1 1.1031442798E-5
mobd_e 4 1 1 1E3
na1_e 4 1 1 1.86931246E-1
nac_e 4 1 1 1.6323825958E-5
nh4_e 4 1 1 2.3250839214E-3
ni2_e 4 1 1 2.07757313E-6
o2_e 4 1 1 1.8177017521E-2
oxa_e 4 1 1 3.3360176163E-11
phe__L_e 4 1 1 3.9345679355E-3
pi_e 4 1 1 4.4369296819E-3
pnto__R_e 4 1 1 2.41749721E-6
pro__L_e 4 1 1 6.5971171801E-3
pydx_e 4 1 1 4.43314813E-7
ser__L_e 4 1 1 2.8542897126E-3
so4_e 4 1 1 3.9039121808E-4
thm_e 4 1 1 2.07077178E-6
thr__L_e 4 1 1 2.181555875E-3
trp__L_e 4 1 1 5.1405323657E-4
tyr__L_e 4 1 1 1.0484329075E-3
ura_e 4 1 1 2.8109837156E-4
val__L_e 4 1 1 6.529035727E-3
zn2_e 4 1 1 4.937215455E-4
4hba_c 5 1 1 3.7209386496E-10
ade_e 5 1 1 3.268578448E-4
adocbl_e 5 1 1 2.58226354E-12
ala__L_e 5 1 1 6.73446E-3
arg__L_e 5 1 1 3.6159564467E-3
ascb__L_e 5 1 1 8.51692028E-8
asn__L_e 5 1 1 8.31190924E-4
asp__L_e 5 1 1 5.897688E-3
btn_e 5 1 1 2.75720165E-8
ca2_e 5 1 1 8.0085115029E-5
cd2_e 5 1 1 6.67176686E-8
chol_e 5 1 1 1.53595085E-5
cl_e 5 1 1 1.7182088432E-1
co2_e 5 1 1 6.5892410452E-5
co_e 5 1 1 2.0353326933E-5
cobalt2_e 5 1 1 2.9678052276E-7
csn_e 5 1 1 1.9613252915E-4
cu2_e 5 1 1 5.2879357751E-6
cu_e 5 1 1 5.2891188E-6
cys__L_e 5 1 1 3.3277385803E-4
fe2_e 5 1 1 4.5606070543E-5
fe3_e 5 1 1 4.5595296635E-5
for_e 5 1 1 7.4616033159E-6
gln__L_e 5 1 1 1.3661965924E-4
glu__L_e 5 1 1 1.3455269373E-2
gly_e 5 1 1 4.262859E-3
gua_e 5 1 1 3.0551742289E-4
h2_e 5 1 1 5.027809843E-5
h2o_e 5 1 1 5.550924428E1
h_e 5 1 1 9.9832336986E-8
his__L_e 5 1 1 1.6433662866E-1
ile__L_e 5 1 1 5.3358982284E-3
k_e 5 1 1 2.5794883044E-3
leu__L_e 5 1 1 7.280351E-3
lys__L_e 5 1 1 5.8137784076E-3
man_e 5 1 1 1.2689987795E-3
met__L_e 5 1 1 1.6752561902E-3
mg2_e 5 1 1 1.746951525E-3
mn2_e 5 1 1 1.103121081E-5
mobd_e 5 1 1 1E3
na1_e 5 1 1 1.86931246E-1
nac_e 5 1 1 1.6323061169E-5
nh4_e 5 1 1 2.344295208E-3
ni2_e 5 1 1 2.07757313E-6
o2_e 5 1 1 1.8171228516E-2
oxa_e 5 1 1 3.3348907896E-11
phe__L_e 5 1 1 3.9345057032E-3
pi_e 5 1 1 4.4365986226E-3
pnto__R_e 5 1 1 2.41749721E-6
pro__L_e 5 1 1 6.5970429657E-3
pydx_e 5 1 1 4.43314813E-7
ser__L_e 5 1 1 2.8542080289E-3
so4_e 5 1 1 3.9038976169E-4
thm_e 5 1 1 2.07077178E-6
thr__L_e 5 1 1 2.181274486E-3
trp__L_e 5 1 1 5.1403415277E-4
tyr__L_e 5 1 1 1.0483865371E-3
ura_e 5 1 1 2.8100351215E-4
val__L_e 5 1 1 6.529035727E-3
zn2_e 5 1 1 4.9372143101E-4
