ade_e 0 1 1 3.27092E-4
adocbl_e 0 1 1 2.58226354E-12
ala__L_e 0 1 1 6.73446E-3
arg__L_e 0 1 1 3.61645E-3
ascb__L_e 0 1 1 8.51692028E-8
asn__L_e 0 1 1 8.32583E-4
asp__L_e 0 1 1 5.897688E-3
btn_e 0 1 1 2.75720165E-8
ca2_e 0 1 1 8.00938E-5
cd2_e 0 1 1 6.67176686E-8
chol_e 0 1 1 1.53595085E-5
cl_e 0 1 1 1.71820893E-1
cobalt2_e 0 1 1 2.96947381E-7
csn_e 0 1 1 1.96213E-4
cu2_e 0 1 1 5.2891188E-6
cu_e 0 1 1 5.2891188E-6
cys__L_e 0 1 1 3.32928E-4
fe2_e 0 1 1 4.56128E-5
fe3_e 0 1 1 4.56128E-5
gln__L_e 0 1 1 1.36849E-4
glu__L_e 0 1 1 1.3457487E-2
gly_e 0 1 1 4.262859E-3
gua_e 0 1 1 3.0603E-4
h2o_e 0 1 1 5.550929781E1
h_e 0 1 1 1E-7
his__L_e 0 1 1 1.643497E-1
ile__L_e 0 1 1 5.336383E-3
k_e 0 1 1 2.579814E-3
leu__L_e 0 1 1 7.280351E-3
lys__L_e 0 1 1 5.814351E-3
man_e 0 1 1 1.271121E-3
met__L_e 0 1 1 1.675513E-3
mg2_e 0 1 1 1.746966E-3
mn2_e 0 1 1 1.10323638E-5
mobd_e 0 1 1 1E3
na1_e 0 1 1 1.86931246E-1
nac_e 0 1 1 1.63268622E-5
nh4_e 0 1 1 2.301592E-3
ni2_e 0 1 1 2.07757313E-6
o2_e 0 1 1 1.82E-2
phe__L_e 0 1 1 3.934815E-3
pi_e 0 1 1 4.438244E-3
pnto__R_e 0 1 1 2.41749721E-6
pro__L_e 0 1 1 6.601119E-3
pydx_e 0 1 1 4.43314813E-7
ser__L_e 0 1 1 2.854614E-3
so4_e 0 1 1 3.90397E-4
thm_e 0 1 1 2.07077178E-6
thr__L_e 0 1 1 2.182673E-3
trp__L_e 0 1 1 5.14129E-4
tyr__L_e 0 1 1 1.048617E-3
ura_e 0 1 1 2.81475E-4
val__L_e 0 1 1 6.530201E-3
zn2_e 0 1 1 4.93722E-4
4hbz_e 1 1 1 6.7125886451E-11
ade_e 1 1 1 3.27092E-4
adocbl_e 1 1 1 2.58226354E-12
ala__L_e 1 1 1 6.73446E-3
arg__L_e 1 1 1 3.6163609628E-3
ascb__L_e 1 1 1 8.51692028E-8
asn__L_e 1 1 1 8.3251043932E-4
asp__L_e 1 1 1 5.897688E-3
btn_e 1 1 1 2.75720165E-8
ca2_e 1 1 1 8.0092233228E-5
cd2_e 1 1 1 6.67176686E-8
chol_e 1 1 1 1.53595085E-5
cl_e 1 1 1 1.7182089143E-1
co2_e 1 1 1 8.479800181E-6
cobalt2_e 1 1 1 2.9691727971E-7
csn_e 1 1 1 1.96213E-4
cu2_e 1 1 1 5.2889053818E-6
cu_e 1 1 1 5.2891188E-6
cys__L_e 1 1 1 3.3290019272E-4
fe2_e 1 1 1 4.5610778698E-5
fe3_e 1 1 1 4.5610449691E-5
gln__L_e 1 1 1 1.3680340449E-4
glu__L_e 1 1 1 1.3454919418E-2
gly_e 1 1 1 4.262859E-3
gua_e 1 1 1 3.0603E-4
h2o_e 1 1 1 5.5509304668E1
h2s_e 1 1 1 3.010129376E-11
h_e 1 1 1 9.9966666694E-8
his__L_e 1 1 1 1.6434967148E-1
ile__L_e 1 1 1 5.3362955771E-3
k_e 1 1 1 2.5797552444E-3
leu__L_e 1 1 1 7.280351E-3
lys__L_e 1 1 1 5.8142477041E-3
man_e 1 1 1 1.2706990809E-3
met__L_e 1 1 1 1.6754666413E-3
mg2_e 1 1 1 1.7469633887E-3
mn2_e 1 1 1 1.10321558E-5
mobd_e 1 1 1 1E3
na1_e 1 1 1 1.86931246E-1
nac_e 1 1 1 1.63268622E-5
nh4_e 1 1 1 2.3026811154E-3
ni2_e 1 1 1 2.07757313E-6
o2_e 1 1 1 1.8194280329E-2
phe__L_e 1 1 1 3.9347592027E-3
pi_e 1 1 1 4.4379471732E-3
pnto__R_e 1 1 1 2.41749721E-6
pro__L_e 1 1 1 6.6010524596E-3
pydx_e 1 1 1 4.43314813E-7
ser__L_e 1 1 1 2.8542713711E-3
so4_e 1 1 1 3.9039569421E-4
thm_e 1 1 1 2.07077178E-6
thr__L_e 1 1 1 2.1825553882E-3
trp__L_e 1 1 1 5.1411188952E-4
tyr__L_e 1 1 1 1.0485754244E-3
ura_e 1 1 1 2.8138126299E-4
val__L_e 1 1 1 6.530201E-3
zn2_e 1 1 1 4.9372189735E-4
4hbz_e 2 1 1 1.3443374384E-10
ade_e 2 1 1 3.27092E-4
adocbl_e 2 1 1 2.58226354E-12
ala__L_e 2 1 1 6.73446E-3
arg__L_e 2 1 1 3.6162716842E-3
ascb__L_e 2 1 1 8.51692028E-8
asn__L_e 2 1 1 8.3243768194E-4
asp__L_e 2 1 1 5.897688E-3
btn_e 2 1 1 2.75720165E-8
ca2_e 2 1 1 8.0090662208E-5
cd2_e 2 1 1 6.67176686E-8
chol_e 2 1 1 1.53595085E-5
cl_e 2 1 1 1.7182088986E-1
co2_e 2 1 1 1.6982618466E-5
cobalt2_e 2 1 1 2.9688709681E-7
csn_e 2 1 1 1.96213E-4
cu2_e 2 1 1 5.2886913851E-6
cu_e 2 1 1 5.2891188E-6
cys__L_e 2 1 1 3.3287231007E-4
fe2_e 2 1 1 4.5608751917E-5
fe3_e 2 1 1 4.560809301E-5
gln__L_e 2 1 1 1.3675768696E-4
glu__L_e 2 1 1 1.345234485E-2
gly_e 2 1 1 4.262859E-3
gua_e 2 1 1 3.0603E-4
h2o_e 2 1 1 5.5509311544E1
h2s_e 2 1 1 6.0284190297E-11
h_e 2 1 1 9.9933244194E-8
his__L_e 2 1 1 1.6434964289E-1
ile__L_e 2 1 1 5.3362079172E-3
k_e 2 1 1 2.5796963295E-3
leu__L_e 2 1 1 7.280351E-3
lys__L_e 2 1 1 5.8141441282E-3
man_e 2 1 1 1.2702760316E-3
met__L_e 2 1 1 1.6754201569E-3
mg2_e 2 1 1 1.7469607703E-3
mn2_e 2 1 1 1.1031947236E-5
mobd_e 2 1 1 1E3
na1_e 2 1 1 1.86931246E-1
nac_e 2 1 1 1.63268622E-5
nh4_e 2 1 1 2.3037732003E-3
ni2_e 2 1 1 2.07757313E-6
o2_e 2 1 1 1.8188545142E-2
phe__L_e 2 1 1 3.9347032542E-3
pi_e 2 1 1 4.4376495418E-3
pnto__R_e 2 1 1 2.41749721E-6
pro__L_e 2 1 1 6.6009857388E-3
pydx_e 2 1 1 4.43314813E-7
ser__L_e 2 1 1 2.8539278134E-3
so4_e 2 1 1 3.9039438487E-4
thm_e 2 1 1 2.07077178E-6
thr__L_e 2 1 1 2.1824374576E-3
trp__L_e 2 1 1 5.1409473266E-4
tyr__L_e 2 1 1 1.0485337361E-3
ura_e 2 1 1 2.8128727511E-4
val__L_e 2 1 1 6.530201E-3
zn2_e 2 1 1 4.9372179443E-4
4hbz_e 3 1 1 2.0192394658E-10
ade_e 3 1 1 3.27092E-4
adocbl_e 3 1 1 2.58226354E-12
ala__L_e 3 1 1 6.73446E-3
arg__L_e 3 1 1 3.6161821637E-3
ascb__L_e 3 1 1 8.51692028E-8
asn__L_e 3 1 1 8.3236472745E-4
asp__L_e 3 1 1 5.897688E-3
btn_e 3 1 1 2.75720165E-8
ca2_e 3 1 1 8.0089086932E-5
cd2_e 3 1 1 6.67176686E-8
chol_e 3 1 1 1.53595085E-5
cl_e 3 1 1 1.7182088829E-1
co2_e 3 1 1 2.5508502042E-5
cobalt2_e 3 1 1 2.9685683214E-7
csn_e 3 1 1 1.96213E-4
cu2_e 3 1 1 5.2884768086E-6
cu_e 3 1 1 5.2891188E-6
cys__L_e 3 1 1 3.3284435187E-4
fe2_e 3 1 1 4.5606719644E-5
fe3_e 3 1 1 4.5605729945E-5
gln__L_e 3 1 1 1.3671184717E-4
glu__L_e 3 1 1 1.344976328E-2
gly_e 3 1 1 4.262859E-3
gua_e 3 1 1 3.0603E-4
h2o_e 3 1 1 5.5509318438E1
h2s_e 3 1 1 9.0548854737E-11
h_e 3 1 1 9.9899732327E-8
his__L_e 3 1 1 1.6434961422E-1
ile__L_e 3 1 1 5.3361200199E-3
k_e 3 1 1 2.579637255E-3
leu__L_e 3 1 1 7.280351E-3
lys__L_e 3 1 1 5.8140402716E-3
man_e 3 1 1 1.26985185E-3
met__L_e 3 1 1 1.6753735466E-3
mg2_e 3 1 1 1.7469581449E-3
mn2_e 3 1 1 1.1031738107E-5
mobd_e 3 1 1 1E3
na1_e 3 1 1 1.86931246E-1
nac_e 3 1 1 1.63268622E-5
nh4_e 3 1 1 2.3048682607E-3
ni2_e 3 1 1 2.07757313E-6
o2_e 3 1 1 1.8182794405E-2
phe__L_e 3 1 1 3.9346471541E-3
pi_e 3 1 1 4.4373511041E-3
pnto__R_e 3 1 1 2.41749721E-6
pro__L_e 3 1 1 6.6009188372E-3
pydx_e 3 1 1 4.43314813E-7
ser__L_e 3 1 1 2.8535833249E-3
so4_e 3 1 1 3.9039307199E-4
thm_e 3 1 1 2.07077178E-6
thr__L_e 3 1 1 2.1823192075E-3
trp__L_e 3 1 1 5.1407752931E-4
tyr__L_e 3 1 1 1.0484919348E-3
ura_e 3 1 1 2.8119303585E-4
val__L_e 3 1 1 6.530201E-3
zn2_e 3 1 1 4.9372169123E-4
4hbz_e 4 1 1 2.6959686718E-10
ade_e 4 1 1 3.27092E-4
adocbl_e 4 1 1 2.58226354E-12
ala__L_e 4 1 1 6.73446E-3
arg__L_e 4 1 1 3.6160924009E-3
ascb__L_e 4 1 1 8.51692028E-8
asn__L_e 4 1 1 8.3229157545E-4
asp__L_e 4 1 1 5.897688E-3
btn_e 4 1 1 2.75720165E-8
ca2_e 4 1 1 8.0087507391E-5
cd2_e 4 1 1 6.67176686E-8
chol_e 4 1 1 1.53595085E-5
cl_e 4 1 1 1.7182088671E-1
co2_e 4 1 1 3.4057498098E-5
cobalt2_e 4 1 1 2.9682648554E-7
csn_e 4 1 1 1.96213E-4
cu2_e 4 1 1 5.2882616512E-6
cu_e 4 1 1 5.2891188E-6
cys__L_e 4 1 1 3.3281631798E-4
fe2_e 4 1 1 4.560468187E-5
fe3_e 4 1 1 4.5603360483E-5
gln__L_e 4 1 1 1.3666588488E-4
glu__L_e 4 1 1 1.3447174694E-2
gly_e 4 1 1 4.262859E-3
gua_e 4 1 1 3.0603E-4
h2o_e 4 1 1 5.5509325352E1
h2s_e 4 1 1 1.2089545569E-10
h_e 4 1 1 9.9866130916E-8
his__L_e 4 1 1 1.6434958547E-1
ile__L_e 4 1 1 5.3360318845E-3
k_e 4 1 1 2.5795780205E-3
leu__L_e 4 1 1 7.280351E-3
lys__L_e 4 1 1 5.8139361339E-3
man_e 4 1 1 1.2694265338E-3
met__L_e 4 1 1 1.6753268101E-3
mg2_e 4 1 1 1.7469555123E-3
mn2_e 4 1 1 1.1031528412E-5
mobd_e 4 1 1 1E3
na1_e 4 1 1 1.86931246E-1
nac_e 4 1 1 1.63268622E-5
nh4_e 4 1 1 2.3059663029E-3
ni2_e 4 1 1 2.07757313E-6
o2_e 4 1 1 1.8177028088E-2
phe__L_e 4 1 1 3.9345909021E-3
pi_e 4 1 1 4.4370518583E-3
pnto__R_e 4 1 1 2.41749721E-6
pro__L_e 4 1 1 6.6008517545E-3
pydx_e 4 1 1 4.43314813E-7
ser__L_e 4 1 1 2.8532379038E-3
so4_e 4 1 1 3.9039175555E-4
thm_e 4 1 1 2.07077178E-6
thr__L_e 4 1 1 2.1822006373E-3
trp__L_e 4 1 1 5.1406027939E-4
tyr__L_e 4 1 1 1.0484500204E-3
ura_e 4 1 1 2.8109854473E-4
val__L_e 4 1 1 6.530201E-3
zn2_e 4 1 1 4.9372158775E-4
4hbz_e 5 1 1 3.3745287426E-10
ade_e 5 1 1 3.27092E-4
adocbl_e 5 1 1 2.58226354E-12
ala__L_e 5 1 1 6.73446E-3
arg__L_e 5 1 1 3.6160023952E-3
ascb__L_e 5 1 1 8.51692028E-8
asn__L_e 5 1 1 8.3221822554E-4
asp__L_e 5 1 1 5.897688E-3
btn_e 5 1 1 2.75720165E-8
ca2_e 5 1 1 8.0085923577E-5
cd2_e 5 1 1 6.67176686E-8
chol_e 5 1 1 1.53595085E-5
cl_e 5 1 1 1.7182088512E-1
co2_e 5 1 1 4.2629653824E-5
cobalt2_e 5 1 1 2.9679605684E-7
csn_e 5 1 1 1.96213E-4
cu2_e 5 1 1 5.2880459117E-6
cu_e 5 1 1 5.2891188E-6
cys__L_e 5 1 1 3.3278820825E-4
fe2_e 5 1 1 4.5602638582E-5
fe3_e 5 1 1 4.5600984609E-5
gln__L_e 5 1 1 1.3661979986E-4
glu__L_e 5 1 1 1.3444579077E-2
gly_e 5 1 1 4.262859E-3
gua_e 5 1 1 3.0603E-4
h2o_e 5 1 1 5.5509332284E1
h2s_e 5 1 1 1.5132416069E-10
h_e 5 1 1 9.9832439788E-8
his__L_e 5 1 1 1.6434955664E-1
ile__L_e 5 1 1 5.3359435107E-3
k_e 5 1 1 2.5795186258E-3
leu__L_e 5 1 1 7.280351E-3
lys__L_e 5 1 1 5.8138317145E-3
man_e 5 1 1 1.2690000807E-3
met__L_e 5 1 1 1.6752799472E-3
mg2_e 5 1 1 1.7469528726E-3
mn2_e 5 1 1 1.103131815E-5
mobd_e 5 1 1 1E3
na1_e 5 1 1 1.86931246E-1
nac_e 5 1 1 1.63268622E-5
nh4_e 5 1 1 2.3070673329E-3
ni2_e 5 1 1 2.07757313E-6
o2_e 5 1 1 1.8171246158E-2
phe__L_e 5 1 1 3.934534498E-3
pi_e 5 1 1 4.436751803E-3
pnto__R_e 5 1 1 2.41749721E-6
pro__L_e 5 1 1 6.6007844904E-3
pydx_e 5 1 1 4.43314813E-7
ser__L_e 5 1 1 2.8528915482E-3
so4_e 5 1 1 3.9039043556E-4
thm_e 5 1 1 2.07077178E-6
thr__L_e 5 1 1 2.1820817462E-3
trp__L_e 5 1 1 5.1404298281E-4
tyr__L_e 5 1 1 1.0484079926E-3
ura_e 5 1 1 2.8100380125E-4
val__L_e 5 1 1 6.530201E-3
zn2_e 5 1 1 4.9372148398E-4
