ade_e 0 1 1 3.27092E-4
adocbl_e 0 1 1 2.58226354E-12
ala__L_e 0 1 1 6.73446E-3
arg__L_e 0 1 1 3.61645E-3
ascb__L_e 0 1 1 8.51692028E-8
asn__L_e 0 1 1 8.32583E-4
asp__L_e 0 1 1 5.897688E-3
btn_e 0 1 1 2.75720165E-8
ca2_e 0 1 1 8.00938E-5
cd2_e 0 1 1 6.67176686E-8
chol_e 0 1 1 1.53595085E-5
cl_e 0 1 1 1.71820893E-1
cobalt2_e 0 1 1 2.96947381E-7
csn_e 0 1 1 1.96213E-4
cu2_e 0 1 1 5.2891188E-6
cu_e 0 1 1 5.2891188E-6
cys__L_e 0 1 1 3.32928E-4
fe2_e 0 1 1 4.56128E-5
fe3_e 0 1 1 4.56128E-5
gln__L_e 0 1 1 1.36849E-4
glu__L_e 0 1 1 1.3457487E-2
gly_e 0 1 1 4.262859E-3
gua_e 0 1 1 3.0603E-4
h2o_e 0 1 1 5.550929781E1
h_e 0 1 1 1E-7
his__L_e 0 1 1 1.643497E-1
ile__L_e 0 1 1 5.336383E-3
k_e 0 1 1 2.579814E-3
leu__L_e 0 1 1 7.280351E-3
lys__L_e 0 1 1 5.814351E-3
man_e 0 1 1 1.271121E-3
met__L_e 0 1 1 1.675513E-3
mg2_e 0 1 1 1.746966E-3
mn2_e 0 1 1 1.10323638E-5
mobd_e 0 1 1 1E3
na1_e 0 1 1 1.86931246E-1
nac_e 0 1 1 1.63268622E-5
nh4_e 0 1 1 2.301592E-3
ni2_e 0 1 1 2.07757313E-6
o2_e 0 1 1 1.82E-2
phe__L_e 0 1 1 3.934815E-3
pi_e 0 1 1 4.438244E-3
pnto__R_e 0 1 1 2.41749721E-6
pro__L_e 0 1 1 6.601119E-3
pydx_e 0 1 1 4.43314813E-7
ser__L_e 0 1 1 2.854614E-3
so4_e 0 1 1 3.90397E-4
thm_e 0 1 1 2.07077178E-6
thr__L_e 0 1 1 2.182673E-3
trp__L_e 0 1 1 5.14129E-4
tyr__L_e 0 1 1 1.048617E-3
ura_e 0 1 1 2.81475E-4
val__L_e 0 1 1 6.530201E-3
zn2_e 0 1 1 4.93722E-4
ade_e 1 1 1 3.27092E-4
adocbl_e 1 1 1 2.58226354E-12
ala__L_e 1 1 1 6.7322644668E-3
arg__L_e 1 1 1 3.615258876E-3
ascb__L_e 1 1 1 8.51692028E-8
asn__L_e 1 1 1 8.3253284631E-4
asp__L_e 1 1 1 5.8957600073E-3
btn_e 1 1 1 2.75720165E-8
ca2_e 1 1 1 8.0092717052E-5
cd2_e 1 1 1 6.67176686E-8
chol_e 1 1 1 1.53595085E-5
cl_e 1 1 1 1.7182089192E-1
co2_e 1 1 1 3.5502541482E-5
co_e 1 1 1 2.7950414253E-6
cobalt2_e 1 1 1 2.9692657509E-7
csn_e 1 1 1 1.96213E-4
cu2_e 1 1 1 5.2889712861E-6
cu_e 1 1 1 5.2891188E-6
cys__L_e 1 1 1 3.3290882611E-4
fe2_e 1 1 1 4.5609778358E-5
fe3_e 1 1 1 4.56128E-5
gln__L_e 1 1 1 1.3680340449E-4
glu__L_e 1 1 1 1.3457487E-2
gly_e 1 1 1 4.2614579558E-3
gua_e 1 1 1 3.0593688835E-4
h2o_e 1 1 1 5.5509228292E1
h2s_e 1 1 1 1.290605869E-7
h_e 1 1 1 3.1361980718E-5
his__L_e 1 1 1 1.64338157E-1
ile__L_e 1 1 1 5.3363225528E-3
k_e 1 1 1 2.5797733883E-3
lac__L_e 1 1 1 1.6801270463E-5
leu__L_e 1 1 1 7.2802572629E-3
lys__L_e 1 1 1 5.8142796022E-3
man_e 1 1 1 1.2706990809E-3
met__L_e 1 1 1 1.6754809778E-3
mg2_e 1 1 1 1.7469641951E-3
mn2_e 1 1 1 1.1032220031E-5
mobd_e 1 1 1 1E3
na1_e 1 1 1 1.86931246E-1
nac_e 1 1 1 1.6326388241E-5
nh4_e 1 1 1 2.3443311414E-3
ni2_e 1 1 1 2.07757313E-6
o2_e 1 1 1 1.8194280329E-2
orn_e 1 1 1 1.0835892442E-6
phe__L_e 1 1 1 3.9347764539E-3
pi_e 1 1 1 4.4380388344E-3
pnto__R_e 1 1 1 2.417377368E-6
pro__L_e 1 1 1 6.601119E-3
pydx_e 1 1 1 4.43314813E-7
ser__L_e 1 1 1 2.8536714313E-3
so4_e 1 1 1 3.9026703685E-4
thm_e 1 1 1 2.0707253828E-6
thr__L_e 1 1 1 2.1826202181E-3
trp__L_e 1 1 1 5.141171733E-4
tyr__L_e 1 1 1 1.0485883095E-3
ura_e 1 1 1 2.8140617509E-4
val__L_e 1 1 1 6.5301129573E-3
zn2_e 1 1 1 4.9372192905E-4
ade_e 2 1 1 3.27092E-4
adocbl_e 2 1 1 2.58226354E-12
ala__L_e 2 1 1 6.7300650671E-3
arg__L_e 2 1 1 3.6140656623E-3
ascb__L_e 2 1 1 8.51692028E-8
asn__L_e 2 1 1 8.3248260341E-4
asp__L_e 2 1 1 5.8938286226E-3
btn_e 2 1 1 2.75720165E-8
ca2_e 2 1 1 8.0091632178E-5
cd2_e 2 1 1 6.67176686E-8
chol_e 2 1 1 1.53595085E-5
cl_e 2 1 1 1.7182089083E-1
co2_e 2 1 1 4.3475196604E-5
co_e 2 1 1 2.958096954E-5
cobalt2_e 2 1 1 2.9690573217E-7
csn_e 2 1 1 1.96213E-4
cu2_e 2 1 1 5.2888235098E-6
cu_e 2 1 1 5.2891188E-6
cys__L_e 2 1 1 3.3290882611E-4
fe2_e 2 1 1 4.560675134E-5
fe3_e 2 1 1 4.56128E-5
gln__L_e 2 1 1 1.3675772933E-4
glu__L_e 2 1 1 1.3457034908E-2
gly_e 2 1 1 4.2600544517E-3
gua_e 2 1 1 3.0584361106E-4
h2o_e 2 1 1 5.550922252E1
h2s_e 2 1 1 2.3915950937E-7
h_e 2 1 1 6.8310074484E-5
his__L_e 2 1 1 1.6433813726E-1
ile__L_e 2 1 1 5.3362620189E-3
k_e 2 1 1 2.5797327044E-3
lac__L_e 2 1 1 1.6795658704E-5
leu__L_e 2 1 1 7.2801633591E-3
lys__L_e 2 1 1 5.8142080775E-3
man_e 2 1 1 1.2702764237E-3
met__L_e 2 1 1 1.6754488779E-3
mg2_e 2 1 1 1.746962387E-3
mn2_e 2 1 1 1.1032076007E-5
mobd_e 2 1 1 1E3
na1_e 2 1 1 1.86931246E-1
nac_e 2 1 1 1.632591344E-5
nh4_e 2 1 1 2.3562444013E-3
ni2_e 2 1 1 2.07757313E-6
o2_e 2 1 1 1.8188550457E-2
orn_e 2 1 1 1.0832272977E-6
phe__L_e 2 1 1 3.9347378393E-3
pi_e 2 1 1 4.4378333038E-3
pnto__R_e 2 1 1 2.4172573128E-6
pro__L_e 2 1 1 6.5989615225E-3
pydx_e 2 1 1 4.43314813E-7
ser__L_e 2 1 1 2.8536714313E-3
so4_e 2 1 1 3.901368466E-4
thm_e 2 1 1 2.0706789031E-6
thr__L_e 2 1 1 2.1825673423E-3
trp__L_e 2 1 1 5.1410532555E-4
tyr__L_e 2 1 1 1.0485595679E-3
ura_e 2 1 1 2.8133722775E-4
val__L_e 2 1 1 6.5301129573E-3
zn2_e 2 1 1 4.9372185798E-4
ade_e 3 1 1 3.27092E-4
adocbl_e 3 1 1 2.58226354E-12
ala__L_e 3 1 1 6.727861797E-3
arg__L_e 3 1 1 3.6128703566E-3
ascb__L_e 3 1 1 8.51692028E-8
asn__L_e 3 1 1 8.3243227119E-4
asp__L_e 3 1 1 5.8918938424E-3
btn_e 3 1 1 2.75720165E-8
ca2_e 3 1 1 8.0090545376E-5
cd2_e 3 1 1 6.67176686E-8
chol_e 3 1 1 1.53595085E-5
cl_e 3 1 1 1.7182088975E-1
co2_e 3 1 1 5.1462246581E-5
co_e 3 1 1 5.6414285437E-5
cobalt2_e 3 1 1 2.9688485219E-7
csn_e 3 1 1 1.96213E-4
cu2_e 3 1 1 5.2886754708E-6
cu_e 3 1 1 5.2891188E-6
cys__L_e 3 1 1 3.3290882611E-4
fe2_e 3 1 1 4.5603718941E-5
fe3_e 3 1 1 4.56128E-5
gln__L_e 3 1 1 1.3671197444E-4
glu__L_e 3 1 1 1.3456581855E-2
gly_e 3 1 1 4.258648485E-3
gua_e 3 1 1 3.0575016796E-4
h2o_e 3 1 1 5.5509216738E1
h2s_e 3 1 1 3.494500426E-7
h_e 3 1 1 1.0532406412E-4
his__L_e 3 1 1 1.6433811747E-1
ile__L_e 3 1 1 5.3362013774E-3
k_e 3 1 1 2.5796919481E-3
lac__L_e 3 1 1 1.6790037152E-5
leu__L_e 3 1 1 7.2800692883E-3
lys__L_e 3 1 1 5.8141364255E-3
man_e 3 1 1 1.2698530277E-3
met__L_e 3 1 1 1.6754167208E-3
mg2_e 3 1 1 1.7469605756E-3
mn2_e 3 1 1 1.1031931726E-5
mobd_e 3 1 1 1E3
na1_e 3 1 1 1.86931246E-1
nac_e 3 1 1 1.6325437794E-5
nh4_e 3 1 1 2.3681787268E-3
ni2_e 3 1 1 2.07757313E-6
o2_e 3 1 1 1.8182810371E-2
orn_e 3 1 1 1.0828647196E-6
phe__L_e 3 1 1 3.934699156E-3
pi_e 3 1 1 4.4376274078E-3
pnto__R_e 3 1 1 2.4171370441E-6
pro__L_e 3 1 1 6.5968002489E-3
pydx_e 3 1 1 4.43314813E-7
ser__L_e 3 1 1 2.8536714313E-3
so4_e 3 1 1 3.9000642903E-4
thm_e 3 1 1 2.0706323408E-6
thr__L_e 3 1 1 2.1825143725E-3
trp__L_e 3 1 1 5.1409345675E-4
tyr__L_e 3 1 1 1.0485307753E-3
ura_e 3 1 1 2.8126815783E-4
val__L_e 3 1 1 6.5301129573E-3
zn2_e 3 1 1 4.9372178678E-4
ade_e 4 1 1 3.27092E-4
adocbl_e 4 1 1 2.58226354E-12
ala__L_e 4 1 1 6.7256546525E-3
arg__L_e 4 1 1 3.611672957E-3
ascb__L_e 4 1 1 8.51692028E-8
asn__L_e 4 1 1 8.3238184955E-4
asp__L_e 4 1 1 5.8899556635E-3
btn_e 4 1 1 2.75720165E-8
ca2_e 4 1 1 8.0089456642E-5
cd2_e 4 1 1 6.67176686E-8
chol_e 4 1 1 1.53595085E-5
cl_e 4 1 1 1.7182088866E-1
co2_e 4 1 1 5.9463707688E-5
co_e 4 1 1 8.3295038586E-5
cobalt2_e 4 1 1 2.9686393513E-7
csn_e 4 1 1 1.96213E-4
cu2_e 4 1 1 5.2885271688E-6
cu_e 4 1 1 5.2891188E-6
cys__L_e 4 1 1 3.3290882611E-4
fe2_e 4 1 1 4.5600681156E-5
fe3_e 4 1 1 4.56128E-5
gln__L_e 4 1 1 1.3666613974E-4
glu__L_e 4 1 1 1.3456127841E-2
gly_e 4 1 1 4.2572400532E-3
gua_e 4 1 1 3.0565655886E-4
h2o_e 4 1 1 5.5509210946E1
h2s_e 4 1 1 4.599323731E-7
h_e 4 1 1 1.4240402071E-4
his__L_e 4 1 1 1.6433809766E-1
ile__L_e 4 1 1 5.3361406282E-3
k_e 4 1 1 2.5796511195E-3
lac__L_e 4 1 1 1.6784405795E-5
leu__L_e 4 1 1 7.2799750505E-3
lys__L_e 4 1 1 5.8140646463E-3
man_e 4 1 1 1.2694288921E-3
met__L_e 4 1 1 1.6753845067E-3
mg2_e 4 1 1 1.7469587611E-3
mn2_e 4 1 1 1.1031787189E-5
mobd_e 4 1 1 1E3
na1_e 4 1 1 1.86931246E-1
nac_e 4 1 1 1.6324961303E-5
nh4_e 4 1 1 2.3801341397E-3
ni2_e 4 1 1 2.07757313E-6
o2_e 4 1 1 1.8177060061E-2
orn_e 4 1 1 1.0825015092E-6
phe__L_e 4 1 1 3.934660404E-3
pi_e 4 1 1 4.4374211461E-3
pnto__R_e 4 1 1 2.4170165618E-6
pro__L_e 4 1 1 6.5946351754E-3
pydx_e 4 1 1 4.43314813E-7
ser__L_e 4 1 1 2.8536714313E-3
so4_e 4 1 1 3.898757839E-4
thm_e 4 1 1 2.0705856957E-6
thr__L_e 4 1 1 2.1824613087E-3
trp__L_e 4 1 1 5.1408156686E-4
tyr__L_e 4 1 1 1.0485019315E-3
ura_e 4 1 1 2.8119896523E-4
val__L_e 4 1 1 6.5301129573E-3
zn2_e 4 1 1 4.9372171545E-4
ade_e 5 1 1 3.27092E-4
adocbl_e 5 1 1 2.58226354E-12
ala__L_e 5 1 1 6.7234436297E-3
arg__L_e 5 1 1 3.6104734612E-3
ascb__L_e 5 1 1 8.51692028E-8
asn__L_e 5 1 1 8.3233133841E-4
asp__L_e 5 1 1 5.8880140822E-3
btn_e 5 1 1 2.75720165E-8
ca2_e 5 1 1 8.0088365976E-5
cd2_e 5 1 1 6.67176686E-8
chol_e 5 1 1 1.53595085E-5
cl_e 5 1 1 1.7182088757E-1
co2_e 5 1 1 9.5219724946E-5
co_e 5 1 1 8.6109882647E-5
cobalt2_e 5 1 1 2.9684298093E-7
csn_e 5 1 1 1.96213E-4
cu2_e 5 1 1 5.2883786035E-6
cu_e 5 1 1 5.2891188E-6
cys__L_e 5 1 1 3.3288951556E-4
fe2_e 5 1 1 4.5597637978E-5
fe3_e 5 1 1 4.56128E-5
gln__L_e 5 1 1 1.3662022516E-4
glu__L_e 5 1 1 1.3456127841E-2
gly_e 5 1 1 4.255829154E-3
gua_e 5 1 1 3.0556278359E-4
h2o_e 5 1 1 5.5509140931E1
h2s_e 5 1 1 5.8989628249E-7
h_e 5 1 1 1.7388876979E-4
his__L_e 5 1 1 1.6432647217E-1
ile__L_e 5 1 1 5.3360797502E-3
k_e 5 1 1 2.5796102184E-3
lac__L_e 5 1 1 3.3705999862E-5
leu__L_e 5 1 1 7.2798806453E-3
lys__L_e 5 1 1 5.8139927397E-3
man_e 5 1 1 1.2690040162E-3
met__L_e 5 1 1 1.6753522563E-3
mg2_e 5 1 1 1.7469569433E-3
mn2_e 5 1 1 1.1031642396E-5
mobd_e 5 1 1 1E3
na1_e 5 1 1 1.86931246E-1
nac_e 5 1 1 1.6324483966E-5
nh4_e 5 1 1 2.4231787108E-3
ni2_e 5 1 1 2.07757313E-6
o2_e 5 1 1 1.8171299517E-2
orn_e 5 1 1 2.1736961362E-6
phe__L_e 5 1 1 3.9346215832E-3
pi_e 5 1 1 4.4372145182E-3
pnto__R_e 5 1 1 2.4168958657E-6
pro__L_e 5 1 1 6.5946351754E-3
pydx_e 5 1 1 4.43314813E-7
ser__L_e 5 1 1 2.8527213082E-3
so4_e 5 1 1 3.89744911E-4
thm_e 5 1 1 2.0705389678E-6
thr__L_e 5 1 1 2.1824081506E-3
trp__L_e 5 1 1 5.1406965587E-4
tyr__L_e 5 1 1 1.0484730365E-3
ura_e 5 1 1 2.8112964979E-4
val__L_e 5 1 1 6.5300242871E-3
zn2_e 5 1 1 4.93721644E-4
