ade_e 0 1 1 3.27092E-4
adocbl_e 0 1 1 2.58226354E-12
ala__L_e 0 1 1 6.73446E-3
arg__L_e 0 1 1 3.61645E-3
ascb__L_e 0 1 1 8.51692028E-8
asn__L_e 0 1 1 8.32583E-4
asp__L_e 0 1 1 5.897688E-3
btn_e 0 1 1 2.75720165E-8
ca2_e 0 1 1 8.00938E-5
cd2_e 0 1 1 6.67176686E-8
chol_e 0 1 1 1.53595085E-5
cl_e 0 1 1 1.71820893E-1
cobalt2_e 0 1 1 2.96947381E-7
csn_e 0 1 1 1.96213E-4
cu2_e 0 1 1 5.2891188E-6
cu_e 0 1 1 5.2891188E-6
cys__L_e 0 1 1 3.32928E-4
fe2_e 0 1 1 4.56128E-5
fe3_e 0 1 1 4.56128E-5
gln__L_e 0 1 1 1.36849E-4
glu__L_e 0 1 1 1.3457487E-2
gly_e 0 1 1 4.262859E-3
gua_e 0 1 1 3.0603E-4
h2o_e 0 1 1 5.550929781E1
h_e 0 1 1 1E-7
his__L_e 0 1 1 1.643497E-1
ile__L_e 0 1 1 5.336383E-3
k_e 0 1 1 2.579814E-3
leu__L_e 0 1 1 7.280351E-3
lys__L_e 0 1 1 5.814351E-3
man_e 0 1 1 1.271121E-3
met__L_e 0 1 1 1.675513E-3
mg2_e 0 1 1 1.746966E-3
mn2_e 0 1 1 1.10323638E-5
mobd_e 0 1 1 1E3
na1_e 0 1 1 1.86931246E-1
nac_e 0 1 1 1.63268622E-5
nh4_e 0 1 1 2.301592E-3
ni2_e 0 1 1 2.07757313E-6
o2_e 0 1 1 1.82E-2
phe__L_e 0 1 1 3.934815E-3
pi_e 0 1 1 4.438244E-3
pnto__R_e 0 1 1 2.41749721E-6
pro__L_e 0 1 1 6.601119E-3
pydx_e 0 1 1 4.43314813E-7
ser__L_e 0 1 1 2.854614E-3
so4_e 0 1 1 3.90397E-4
thm_e 0 1 1 2.07077178E-6
thr__L_e 0 1 1 2.182673E-3
trp__L_e 0 1 1 5.14129E-4
tyr__L_e 0 1 1 1.048617E-3
ura_e 0 1 1 2.81475E-4
val__L_e 0 1 1 6.530201E-3
zn2_e 0 1 1 4.93722E-4
2mpa_e 1 1 1 4.3406819519E-6
ade_e 1 1 1 3.2706583846E-4
adocbl_e 1 1 1 2.58226354E-12
ala__L_e 1 1 1 6.7322644668E-3
arg__L_e 1 1 1 3.6163838144E-3
ascb__L_e 1 1 1 8.51692028E-8
asn__L_e 1 1 1 8.3255213137E-4
asp__L_e 1 1 1 5.897688E-3
btn_e 1 1 1 2.75720165E-8
ca2_e 1 1 1 8.0093133466E-5
cd2_e 1 1 1 6.67176686E-8
chol_e 1 1 1 1.53595085E-5
cl_e 1 1 1 1.7182089233E-1
co2_e 1 1 1 1.3079047205E-5
cobalt2_e 1 1 1 2.9693457536E-7
csn_e 1 1 1 1.96213E-4
cu2_e 1 1 1 5.289028008E-6
cu_e 1 1 1 5.2891188E-6
cys__L_e 1 1 1 3.32928E-4
fe2_e 1 1 1 4.5611940101E-5
fe3_e 1 1 1 4.5611800136E-5
gln__L_e 1 1 1 1.3680340449E-4
glu__L_e 1 1 1 1.3456148443E-2
gly_e 1 1 1 4.2614579558E-3
gua_e 1 1 1 3.059988531E-4
h2o_e 1 1 1 5.5509299721E1
h2s_e 1 1 1 1.1761927925E-7
h_e 1 1 1 1.6770425377E-5
his__L_e 1 1 1 1.6434968787E-1
ibtol_e 1 1 1 2.4003300395E-6
ile__L_e 1 1 1 5.3346352946E-3
k_e 1 1 1 2.5797890043E-3
leu__L_e 1 1 1 7.2802933066E-3
lys__L_e 1 1 1 5.814307056E-3
man_e 1 1 1 1.2706990809E-3
met__L_e 1 1 1 1.6754932782E-3
mg2_e 1 1 1 1.7469648891E-3
mn2_e 1 1 1 1.1032275313E-5
mobd_e 1 1 1 1E3
na1_e 1 1 1 1.86931246E-1
nac_e 1 1 1 1.63268622E-5
nh4_e 1 1 1 2.3116830428E-3
ni2_e 1 1 1 2.07757313E-6
o2_e 1 1 1 1.8194280329E-2
phe__L_e 1 1 1 3.9347912628E-3
pi_e 1 1 1 4.4381177245E-3
pnto__R_e 1 1 1 2.41749721E-6
pro__L_e 1 1 1 6.601119E-3
pydx_e 1 1 1 4.43314813E-7
ser__L_e 1 1 1 2.8536714313E-3
so4_e 1 1 1 3.9026703685E-4
thm_e 1 1 1 2.0707432234E-6
thr__L_e 1 1 1 2.1819506978E-3
trp__L_e 1 1 1 5.1412172089E-4
tyr__L_e 1 1 1 1.0485993415E-3
ura_e 1 1 1 2.8143256582E-4
val__L_e 1 1 1 6.5280706396E-3
zn2_e 1 1 1 4.9372195633E-4
2mpa_e 2 1 1 8.6725990578E-6
ade_e 2 1 1 3.2703965163E-4
adocbl_e 2 1 1 2.58226354E-12
ala__L_e 2 1 1 6.7300668231E-3
arg__L_e 2 1 1 3.6163458998E-3
ascb__L_e 2 1 1 8.51692028E-8
asn__L_e 2 1 1 8.3252123289E-4
asp__L_e 2 1 1 5.897688E-3
btn_e 2 1 1 2.75720165E-8
ca2_e 2 1 1 8.0092466289E-5
cd2_e 2 1 1 6.67176686E-8
chol_e 2 1 1 1.53595085E-5
cl_e 2 1 1 1.7182089167E-1
co2_e 2 1 1 2.6129492177E-5
cobalt2_e 2 1 1 2.9692175734E-7
csn_e 2 1 1 1.96213E-4
cu2_e 2 1 1 5.2889371283E-6
cu_e 2 1 1 5.2891188E-6
cys__L_e 2 1 1 3.32928E-4
fe2_e 2 1 1 4.5611079371E-5
fe3_e 2 1 1 4.5610799305E-5
gln__L_e 2 1 1 1.3680340449E-4
glu__L_e 2 1 1 1.345477586E-2
gly_e 2 1 1 4.2600555722E-3
gua_e 2 1 1 3.0596767609E-4
h2o_e 2 1 1 5.5509301737E1
h2s_e 2 1 1 2.3534978711E-7
h_e 2 1 1 1.6764828392E-5
his__L_e 2 1 1 1.6434967572E-1
ibtol_e 2 1 1 4.802955007E-6
ile__L_e 2 1 1 5.3328859142E-3
k_e 2 1 1 2.5797639844E-3
leu__L_e 2 1 1 7.2802355575E-3
lys__L_e 2 1 1 5.8142630696E-3
man_e 2 1 1 1.2702767611E-3
met__L_e 2 1 1 1.6754735373E-3
mg2_e 2 1 1 1.7469637771E-3
mn2_e 2 1 1 1.1032186741E-5
mobd_e 2 1 1 1E3
na1_e 2 1 1 1.86931246E-1
nac_e 2 1 1 1.63268622E-5
nh4_e 2 1 1 2.3216402106E-3
ni2_e 2 1 1 2.07757313E-6
o2_e 2 1 1 1.8188555031E-2
phe__L_e 2 1 1 3.9347675027E-3
pi_e 2 1 1 4.4379913269E-3
pnto__R_e 2 1 1 2.41749721E-6
pro__L_e 2 1 1 6.6010906651E-3
pydx_e 2 1 1 4.43314813E-7
ser__L_e 2 1 1 2.8527279644E-3
so4_e 2 1 1 3.9013695054E-4
thm_e 2 1 1 2.0707146392E-6
thr__L_e 2 1 1 2.1812277083E-3
trp__L_e 2 1 1 5.1411443474E-4
tyr__L_e 2 1 1 1.048581666E-3
ura_e 2 1 1 2.8139009063E-4
val__L_e 2 1 1 6.5259382322E-3
zn2_e 2 1 1 4.9372191262E-4
2mpa_e 3 1 1 1.3021670268E-5
ade_e 3 1 1 3.2701343951E-4
adocbl_e 3 1 1 2.58226354E-12
ala__L_e 3 1 1 6.7278670685E-3
arg__L_e 3 1 1 3.6163079485E-3
ascb__L_e 3 1 1 8.51692028E-8
asn__L_e 3 1 1 8.3249030457E-4
asp__L_e 3 1 1 5.897688E-3
btn_e 3 1 1 2.75720165E-8
ca2_e 3 1 1 8.0091798466E-5
cd2_e 3 1 1 6.67176686E-8
chol_e 3 1 1 1.53595085E-5
cl_e 3 1 1 1.71820891E-1
co2_e 3 1 1 3.9205562607E-5
cobalt2_e 3 1 1 2.9690892694E-7
csn_e 3 1 1 1.96213E-4
cu2_e 3 1 1 5.2888461607E-6
cu_e 3 1 1 5.2891188E-6
cys__L_e 3 1 1 3.32928E-4
fe2_e 3 1 1 4.561021781E-5
fe3_e 3 1 1 4.5609797507E-5
gln__L_e 3 1 1 1.3680340449E-4
glu__L_e 3 1 1 1.345338893E-2
gly_e 3 1 1 4.2586518488E-3
gua_e 3 1 1 3.0593646896E-4
h2o_e 3 1 1 5.5509303754E1
h2s_e 3 1 1 3.5319153108E-7
h_e 3 1 1 1.6759226113E-5
his__L_e 3 1 1 1.6434966357E-1
ibtol_e 3 1 1 7.2078751274E-6
ile__L_e 3 1 1 5.3311348588E-3
k_e 3 1 1 2.5797389404E-3
leu__L_e 3 1 1 7.2801777525E-3
lys__L_e 3 1 1 5.8142190407E-3
man_e 3 1 1 1.2698540407E-3
met__L_e 3 1 1 1.6754537773E-3
mg2_e 3 1 1 1.7469626641E-3
mn2_e 3 1 1 1.1032098082E-5
mobd_e 3 1 1 1E3
na1_e 3 1 1 1.86931246E-1
nac_e 3 1 1 1.63268622E-5
nh4_e 3 1 1 2.331619941E-3
ni2_e 3 1 1 2.07757313E-6
o2_e 3 1 1 1.8182824105E-2
phe__L_e 3 1 1 3.9347437196E-3
pi_e 3 1 1 4.4378648072E-3
pnto__R_e 3 1 1 2.41749721E-6
pro__L_e 3 1 1 6.6010623029E-3
pydx_e 3 1 1 4.43314813E-7
ser__L_e 3 1 1 2.851783599E-3
so4_e 3 1 1 3.9000674106E-4
thm_e 3 1 1 2.0706860275E-6
thr__L_e 3 1 1 2.1805040314E-3
trp__L_e 3 1 1 5.1410714156E-4
tyr__L_e 3 1 1 1.0485639734E-3
ura_e 3 1 1 2.813475744E-4
val__L_e 3 1 1 6.5238037776E-3
zn2_e 3 1 1 4.9372186887E-4
2mpa_e 4 1 1 1.7374930727E-5
ade_e 4 1 1 3.2698720209E-4
adocbl_e 4 1 1 2.58226354E-12
ala__L_e 4 1 1 6.725665203E-3
arg__L_e 4 1 1 3.6162699605E-3
ascb__L_e 4 1 1 8.51692028E-8
asn__L_e 4 1 1 8.3245934639E-4
asp__L_e 4 1 1 5.897688E-3
btn_e 4 1 1 2.75720165E-8
ca2_e 4 1 1 8.0091129999E-5
cd2_e 4 1 1 6.67176686E-8
chol_e 4 1 1 1.53595085E-5
cl_e 4 1 1 1.7182089033E-1
co2_e 4 1 1 5.2294294858E-5
cobalt2_e 4 1 1 2.9689608416E-7
csn_e 4 1 1 1.96213E-4
cu2_e 4 1 1 5.2887551054E-6
cu_e 4 1 1 5.2891188E-6
cys__L_e 4 1 1 3.32928E-4
fe2_e 4 1 1 4.5609355417E-5
fe3_e 4 1 1 4.5608794742E-5
gln__L_e 4 1 1 1.3680340449E-4
glu__L_e 4 1 1 1.3452000615E-2
gly_e 4 1 1 4.2572467857E-3
gua_e 4 1 1 3.0590523171E-4
h2o_e 4 1 1 5.5509305774E1
h2s_e 4 1 1 4.7114451836E-7
h_e 4 1 1 1.6753618538E-5
his__L_e 4 1 1 1.643496514E-1
ibtol_e 4 1 1 9.6150906198E-6
ile__L_e 4 1 1 5.329382128E-3
k_e 4 1 1 2.5797138722E-3
leu__L_e 4 1 1 7.2801198918E-3
lys__L_e 4 1 1 5.8141749692E-3
man_e 4 1 1 1.2694309195E-3
met__L_e 4 1 1 1.6754339982E-3
mg2_e 4 1 1 1.74696155E-3
mn2_e 4 1 1 1.1032009339E-5
mobd_e 4 1 1 1E3
na1_e 4 1 1 1.86931246E-1
nac_e 4 1 1 1.63268622E-5
nh4_e 4 1 1 2.3416092697E-3
ni2_e 4 1 1 2.07757313E-6
o2_e 4 1 1 1.8177087549E-2
phe__L_e 4 1 1 3.9347199136E-3
pi_e 4 1 1 4.4377381654E-3
pnto__R_e 4 1 1 2.41749721E-6
pro__L_e 4 1 1 6.6010339133E-3
pydx_e 4 1 1 4.43314813E-7
ser__L_e 4 1 1 2.8508383351E-3
so4_e 4 1 1 3.898764084E-4
thm_e 4 1 1 2.070657388E-6
thr__L_e 4 1 1 2.1797796671E-3
trp__L_e 4 1 1 5.1409984133E-4
tyr__L_e 4 1 1 1.0485462637E-3
ura_e 4 1 1 2.8130501713E-4
val__L_e 4 1 1 6.5216672756E-3
zn2_e 4 1 1 4.9372182508E-4
2mpa_e 5 1 1 2.1719377996E-5
ade_e 5 1 1 3.2696093936E-4
adocbl_e 5 1 1 2.58226354E-12
ala__L_e 5 1 1 6.7234612261E-3
arg__L_e 5 1 1 3.616231936E-3
ascb__L_e 5 1 1 8.51692028E-8
asn__L_e 5 1 1 8.3242835836E-4
asp__L_e 5 1 1 5.897688E-3
btn_e 5 1 1 2.75720165E-8
ca2_e 5 1 1 8.0090460888E-5
cd2_e 5 1 1 6.67176686E-8
chol_e 5 1 1 1.53595085E-5
cl_e 5 1 1 1.7182088966E-1
co2_e 5 1 1 6.5382687687E-5
cobalt2_e 5 1 1 2.9688322899E-7
csn_e 5 1 1 1.96213E-4
cu2_e 5 1 1 5.2886639622E-6
cu_e 5 1 1 5.2891188E-6
cys__L_e 5 1 1 3.32928E-4
fe2_e 5 1 1 4.5608492192E-5
fe3_e 5 1 1 4.5607791011E-5
gln__L_e 5 1 1 1.3680340449E-4
glu__L_e 5 1 1 1.345062392E-2
gly_e 5 1 1 4.2558403827E-3
gua_e 5 1 1 3.0587396434E-4
h2o_e 5 1 1 5.5509307796E1
h2s_e 5 1 1 5.8920875591E-7
h_e 5 1 1 1.6748005667E-5
his__L_e 5 1 1 1.6434963922E-1
ibtol_e 5 1 1 1.2024601698E-5
ile__L_e 5 1 1 5.3276277218E-3
k_e 5 1 1 2.5796887798E-3
leu__L_e 5 1 1 7.2800619753E-3
lys__L_e 5 1 1 5.8141308553E-3
man_e 5 1 1 1.2690073976E-3
met__L_e 5 1 1 1.6754142001E-3
mg2_e 5 1 1 1.7469604348E-3
mn2_e 5 1 1 1.103192051E-5
mobd_e 5 1 1 1E3
na1_e 5 1 1 1.86931246E-1
nac_e 5 1 1 1.63268622E-5
nh4_e 5 1 1 2.3515951949E-3
ni2_e 5 1 1 2.07757313E-6
o2_e 5 1 1 1.8171345362E-2
phe__L_e 5 1 1 3.9346960846E-3
pi_e 5 1 1 4.4376114015E-3
pnto__R_e 5 1 1 2.41749721E-6
pro__L_e 5 1 1 6.6010054963E-3
pydx_e 5 1 1 4.43314813E-7
ser__L_e 5 1 1 2.8498921727E-3
so4_e 5 1 1 3.8974595255E-4
thm_e 5 1 1 2.070628721E-6
thr__L_e 5 1 1 2.1790546152E-3
trp__L_e 5 1 1 5.1409253407E-4
tyr__L_e 5 1 1 1.0485285369E-3
ura_e 5 1 1 2.8126241883E-4
val__L_e 5 1 1 6.5195287258E-3
zn2_e 5 1 1 4.9372178124E-4
