ade_e 0 1 1 3.27092E-4
adocbl_e 0 1 1 2.58226354E-12
ala__L_e 0 1 1 6.73446E-3
arg__L_e 0 1 1 3.61645E-3
ascb__L_e 0 1 1 8.51692028E-8
asn__L_e 0 1 1 8.32583E-4
asp__L_e 0 1 1 5.897688E-3
btn_e 0 1 1 2.75720165E-8
ca2_e 0 1 1 8.00938E-5
cd2_e 0 1 1 6.67176686E-8
chol_e 0 1 1 1.53595085E-5
cl_e 0 1 1 1.71820893E-1
cobalt2_e 0 1 1 2.96947381E-7
csn_e 0 1 1 1.96213E-4
cu2_e 0 1 1 5.2891188E-6
cu_e 0 1 1 5.2891188E-6
cys__L_e 0 1 1 3.32928E-4
fe2_e 0 1 1 4.56128E-5
fe3_e 0 1 1 4.56128E-5
gln__L_e 0 1 1 1.36849E-4
glu__L_e 0 1 1 1.3457487E-2
gly_e 0 1 1 4.262859E-3
gua_e 0 1 1 3.0603E-4
h2o_e 0 1 1 5.550929781E1
h_e 0 1 1 1E-7
his__L_e 0 1 1 1.643497E-1
ile__L_e 0 1 1 5.336383E-3
k_e 0 1 1 2.579814E-3
leu__L_e 0 1 1 7.280351E-3
lys__L_e 0 1 1 5.814351E-3
man_e 0 1 1 1.271121E-3
met__L_e 0 1 1 1.675513E-3
mg2_e 0 1 1 1.746966E-3
mn2_e 0 1 1 1.10323638E-5
mobd_e 0 1 1 1E3
na1_e 0 1 1 1.86931246E-1
nac_e 0 1 1 1.63268622E-5
nh4_e 0 1 1 2.301592E-3
ni2_e 0 1 1 2.07757313E-6
o2_e 0 1 1 1.82E-2
phe__L_e 0 1 1 3.934815E-3
pi_e 0 1 1 4.438244E-3
pnto__R_e 0 1 1 2.41749721E-6
pro__L_e 0 1 1 6.601119E-3
pydx_e 0 1 1 4.43314813E-7
ser__L_e 0 1 1 2.854614E-3
so4_e 0 1 1 3.90397E-4
thm_e 0 1 1 2.07077178E-6
thr__L_e 0 1 1 2.182673E-3
trp__L_e 0 1 1 5.14129E-4
tyr__L_e 0 1 1 1.048617E-3
ura_e 0 1 1 2.81475E-4
val__L_e 0 1 1 6.530201E-3
zn2_e 0 1 1 4.93722E-4
ade_e 1 1 1 3.27092E-4
adocbl_e 1 1 1 2.58226354E-12
ala__L_e 1 1 1 6.73446E-3
arg__L_e 1 1 1 3.6163916884E-3
ascb__L_e 1 1 1 8.51692028E-8
asn__L_e 1 1 1 8.3230624055E-4
asp__L_e 1 1 1 5.8957600073E-3
btn_e 1 1 1 2.75720165E-8
ca2_e 1 1 1 8.0093315611E-5
cd2_e 1 1 1 6.67176686E-8
chol_e 1 1 1 1.53595085E-5
cl_e 1 1 1 1.7182089252E-1
co2_e 1 1 1 7.7125463744E-6
co_e 1 1 1 5.1357434619E-6
cobalt2_e 1 1 1 2.9693807477E-7
csn_e 1 1 1 1.96213E-4
cu2_e 1 1 1 5.2890528188E-6
cu_e 1 1 1 5.2891188E-6
cys__L_e 1 1 1 3.3281714707E-4
fe2_e 1 1 1 4.5626650404E-5
fe3_e 1 1 1 4.5597598052E-5
gln__L_e 1 1 1 1.3680340449E-4
glu__L_e 1 1 1 1.345319376E-2
gly_e 1 1 1 4.262859E-3
gua_e 1 1 1 3.0600736464E-4
h2o_e 1 1 1 5.5509295827E1
h2s_e 1 1 1 1.0227667695E-7
h_e 1 1 1 9.9966666694E-8
his__L_e 1 1 1 1.6434969118E-1
ile__L_e 1 1 1 5.336383E-3
k_e 1 1 1 2.5797958349E-3
lac__L_e 1 1 1 8.5813848755E-6
leu__L_e 1 1 1 7.2803090725E-3
lys__L_e 1 1 1 5.8143190646E-3
man_e 1 1 1 1.2706990809E-3
met__L_e 1 1 1 1.6754986769E-3
mg2_e 1 1 1 1.7469651927E-3
mn2_e 1 1 1 1.1032299494E-5
mobd_e 1 1 1 1E3
na1_e 1 1 1 1.86931246E-1
nac_e 1 1 1 1.63268622E-5
nh4_e 1 1 1 2.3099890802E-3
ni2_e 1 1 1 2.07757313E-6
o2_e 1 1 1 1.8194280329E-2
orn_e 1 1 1 3.0784546034E-8
phe__L_e 1 1 1 3.9347977588E-3
pi_e 1 1 1 4.4381522319E-3
pnto__R_e 1 1 1 2.4174436061E-6
pro__L_e 1 1 1 6.6001575589E-3
pydx_e 1 1 1 4.43314813E-7
ser__L_e 1 1 1 2.8536714313E-3
so4_e 1 1 1 3.903965963E-4
thm_e 1 1 1 2.0707510271E-6
thr__L_e 1 1 1 2.182586901E-3
trp__L_e 1 1 1 5.1412371006E-4
tyr__L_e 1 1 1 1.0486041671E-3
ura_e 1 1 1 2.81475E-4
val__L_e 1 1 1 6.530201E-3
zn2_e 1 1 1 4.9372196827E-4
ade_e 2 1 1 3.27092E-4
adocbl_e 2 1 1 2.58226354E-12
ala__L_e 2 1 1 6.73446E-3
arg__L_e 2 1 1 3.6163641441E-3
ascb__L_e 2 1 1 8.51692028E-8
asn__L_e 2 1 1 8.322837934E-4
asp__L_e 2 1 1 5.8957600073E-3
btn_e 2 1 1 2.75720165E-8
ca2_e 2 1 1 8.0092830919E-5
cd2_e 2 1 1 6.67176686E-8
chol_e 2 1 1 1.53595085E-5
cl_e 2 1 1 1.7182089203E-1
co2_e 2 1 1 1.3564647216E-5
co_e 2 1 1 1.027471488E-5
cobalt2_e 2 1 1 2.9692876272E-7
csn_e 2 1 1 1.96213E-4
cu2_e 2 1 1 5.2889867964E-6
cu_e 2 1 1 5.2891188E-6
cys__L_e 2 1 1 3.3270622789E-4
fe2_e 2 1 1 4.5640509041E-5
fe3_e 2 1 1 4.5582387027E-5
gln__L_e 2 1 1 1.3675778174E-4
glu__L_e 2 1 1 1.3448897838E-2
gly_e 2 1 1 4.262859E-3
gua_e 2 1 1 3.0598471514E-4
h2o_e 2 1 1 5.5509297206E1
h2s_e 2 1 1 2.0461425477E-7
h_e 2 1 1 9.9933313488E-8
his__L_e 2 1 1 1.6434968236E-1
ile__L_e 2 1 1 5.336383E-3
k_e 2 1 1 2.5797776584E-3
lac__L_e 2 1 1 1.4696829895E-5
leu__L_e 2 1 1 7.2802671189E-3
lys__L_e 2 1 1 5.8142871093E-3
man_e 2 1 1 1.2702769087E-3
met__L_e 2 1 1 1.6754843448E-3
mg2_e 2 1 1 1.7469643849E-3
mn2_e 2 1 1 1.1032235148E-5
mobd_e 2 1 1 1E3
na1_e 2 1 1 1.86931246E-1
nac_e 2 1 1 1.63268622E-5
nh4_e 2 1 1 2.3159532337E-3
ni2_e 2 1 1 2.07757313E-6
o2_e 2 1 1 1.8188557032E-2
orn_e 2 1 1 3.0784546031E-8
phe__L_e 2 1 1 3.9347805069E-3
pi_e 2 1 1 4.4380604065E-3
pnto__R_e 2 1 1 2.4173899687E-6
pro__L_e 2 1 1 6.5998322909E-3
pydx_e 2 1 1 4.43314813E-7
ser__L_e 2 1 1 2.8527282941E-3
so4_e 2 1 1 3.9039619234E-4
thm_e 2 1 1 2.0707302612E-6
thr__L_e 2 1 1 2.181863955E-3
trp__L_e 2 1 1 5.1411841681E-4
tyr__L_e 2 1 1 1.0485913261E-3
ura_e 2 1 1 2.8144419622E-4
val__L_e 2 1 1 6.530201E-3
zn2_e 2 1 1 4.9372193651E-4
ade_e 3 1 1 3.27092E-4
adocbl_e 3 1 1 2.58226354E-12
ala__L_e 3 1 1 6.73446E-3
arg__L_e 3 1 1 3.6163365826E-3
ascb__L_e 3 1 1 8.51692028E-8
asn__L_e 3 1 1 8.3226133224E-4
asp__L_e 3 1 1 5.8957600073E-3
btn_e 3 1 1 2.75720165E-8
ca2_e 3 1 1 8.0092345924E-5
cd2_e 3 1 1 6.67176686E-8
chol_e 3 1 1 1.53595085E-5
cl_e 3 1 1 1.7182089155E-1
co2_e 3 1 1 1.9420414408E-5
co_e 3 1 1 1.5416913331E-5
cobalt2_e 3 1 1 2.9691944487E-7
csn_e 3 1 1 1.96213E-4
cu2_e 3 1 1 5.2889207328E-6
cu_e 3 1 1 5.2891188E-6
cys__L_e 3 1 1 3.3259524247E-4
fe2_e 3 1 1 4.5654375906E-5
fe3_e 3 1 1 4.5567166929E-5
gln__L_e 3 1 1 1.3671213177E-4
glu__L_e 3 1 1 1.3444599232E-2
gly_e 3 1 1 4.262859E-3
gua_e 3 1 1 3.059620515E-4
h2o_e 3 1 1 5.5509298585E1
h2s_e 3 1 1 3.0701270875E-7
h_e 3 1 1 9.9899940391E-8
his__L_e 3 1 1 1.6434967353E-1
ile__L_e 3 1 1 5.336383E-3
k_e 3 1 1 2.5797594706E-3
lac__L_e 3 1 1 2.0816074516E-5
leu__L_e 3 1 1 7.2802251391E-3
lys__L_e 3 1 1 5.8142551341E-3
man_e 3 1 1 1.2698544836E-3
met__L_e 3 1 1 1.6754700038E-3
mg2_e 3 1 1 1.7469635765E-3
mn2_e 3 1 1 1.1032170761E-5
mobd_e 3 1 1 1E3
na1_e 3 1 1 1.86931246E-1
nac_e 3 1 1 1.63268622E-5
nh4_e 3 1 1 2.3219211047E-3
ni2_e 3 1 1 2.07757313E-6
o2_e 3 1 1 1.818283011E-2
orn_e 3 1 1 3.0784546028E-8
phe__L_e 3 1 1 3.9347632441E-3
pi_e 3 1 1 4.4379685238E-3
pnto__R_e 3 1 1 2.4173362979E-6
pro__L_e 3 1 1 6.5995067837E-3
pydx_e 3 1 1 4.43314813E-7
ser__L_e 3 1 1 2.8517845885E-3
so4_e 3 1 1 3.9039578813E-4
thm_e 3 1 1 2.0707094824E-6
thr__L_e 3 1 1 2.1811405743E-3
trp__L_e 3 1 1 5.1411312026E-4
tyr__L_e 3 1 1 1.0485784772E-3
ura_e 3 1 1 2.8141337322E-4
val__L_e 3 1 1 6.530201E-3
zn2_e 3 1 1 4.9372190474E-4
ade_e 4 1 1 3.27092E-4
adocbl_e 4 1 1 2.58226354E-12
ala__L_e 4 1 1 6.73446E-3
arg__L_e 4 1 1 3.6162781617E-3
ascb__L_e 4 1 1 8.51692028E-8
asn__L_e 4 1 1 8.3198390656E-4
asp__L_e 4 1 1 5.8957600073E-3
btn_e 4 1 1 2.75720165E-8
ca2_e 4 1 1 8.0091860627E-5
cd2_e 4 1 1 6.67176686E-8
chol_e 4 1 1 1.53595085E-5
cl_e 4 1 1 1.7182089106E-1
co2_e 4 1 1 2.5534797388E-5
co_e 4 1 1 2.0562337885E-5
cobalt2_e 4 1 1 2.969101212E-7
csn_e 4 1 1 1.96213E-4
cu2_e 4 1 1 5.288854628E-6
cu_e 4 1 1 5.2891188E-6
cys__L_e 4 1 1 3.3248419084E-4
fe2_e 4 1 1 4.5668250998E-5
fe3_e 4 1 1 4.5551937761E-5
gln__L_e 4 1 1 1.3666645459E-4
glu__L_e 4 1 1 1.3440297945E-2
gly_e 4 1 1 4.262859E-3
gua_e 4 1 1 3.0593937373E-4
h2o_e 4 1 1 5.5509299487E1
h2s_e 4 1 1 4.0947201403E-7
h_e 4 1 1 9.9866547411E-8
his__L_e 4 1 1 1.643496647E-1
ile__L_e 4 1 1 5.336383E-3
k_e 4 1 1 2.5797412715E-3
lac__L_e 4 1 1 2.7163225842E-5
leu__L_e 4 1 1 7.280183133E-3
lys__L_e 4 1 1 5.8142231389E-3
man_e 4 1 1 1.2694318056E-3
met__L_e 4 1 1 1.6754556538E-3
mg2_e 4 1 1 1.7469627677E-3
mn2_e 4 1 1 1.1032106335E-5
mobd_e 4 1 1 1E3
na1_e 4 1 1 1.86931246E-1
nac_e 4 1 1 1.63268622E-5
nh4_e 4 1 1 2.3284025932E-3
ni2_e 4 1 1 2.07757313E-6
o2_e 4 1 1 1.8177099562E-2
orn_e 4 1 1 6.1626772804E-8
phe__L_e 4 1 1 3.9347459706E-3
pi_e 4 1 1 4.4378765837E-3
pnto__R_e 4 1 1 2.4172825935E-6
pro__L_e 4 1 1 6.5991810372E-3
pydx_e 4 1 1 4.43314813E-7
ser__L_e 4 1 1 2.8508403147E-3
so4_e 4 1 1 3.9039538367E-4
thm_e 4 1 1 2.0706886906E-6
thr__L_e 4 1 1 2.1804167592E-3
trp__L_e 4 1 1 5.1410782041E-4
tyr__L_e 4 1 1 1.0485656202E-3
ura_e 4 1 1 2.8141337322E-4
val__L_e 4 1 1 6.530201E-3
zn2_e 4 1 1 4.9372187294E-4
ade_e 5 1 1 3.27092E-4
adocbl_e 5 1 1 2.58226354E-12
ala__L_e 5 1 1 6.73446E-3
arg__L_e 5 1 1 3.6162197044E-3
ascb__L_e 5 1 1 8.51692028E-8
asn__L_e 5 1 1 8.3170631524E-4
asp__L_e 5 1 1 5.8938254513E-3
btn_e 5 1 1 2.75720165E-8
ca2_e 5 1 1 8.0091375028E-5
cd2_e 5 1 1 6.67176686E-8
chol_e 5 1 1 1.53595085E-5
cl_e 5 1 1 1.7182089058E-1
co2_e 5 1 1 3.3268584504E-5
co_e 5 1 1 2.5710987605E-5
cobalt2_e 5 1 1 2.9690079172E-7
csn_e 5 1 1 1.96213E-4
cu2_e 5 1 1 5.288788482E-6
cu_e 5 1 1 5.2891188E-6
cys__L_e 5 1 1 3.3237307304E-4
fe2_e 5 1 1 4.5682134311E-5
fe3_e 5 1 1 4.5536699528E-5
gln__L_e 5 1 1 1.3662075021E-4
glu__L_e 5 1 1 1.3435993977E-2
gly_e 5 1 1 4.262859E-3
gua_e 5 1 1 3.0591668183E-4
h2o_e 5 1 1 5.5509297497E1
h2s_e 5 1 1 5.1199214564E-7
h_e 5 1 1 9.9833134555E-8
his__L_e 5 1 1 1.6434965586E-1
ile__L_e 5 1 1 5.336383E-3
k_e 5 1 1 2.579723061E-3
lac__L_e 5 1 1 3.5767830465E-5
leu__L_e 5 1 1 7.2801411009E-3
lys__L_e 5 1 1 5.8141911238E-3
man_e 5 1 1 1.2690088749E-3
met__L_e 5 1 1 1.6754412949E-3
mg2_e 5 1 1 1.7469619584E-3
mn2_e 5 1 1 1.1032041868E-5
mobd_e 5 1 1 1E3
na1_e 5 1 1 1.86931246E-1
nac_e 5 1 1 1.63268622E-5
nh4_e 5 1 1 2.3368226561E-3
ni2_e 5 1 1 2.07757313E-6
o2_e 5 1 1 1.8171365391E-2
orn_e 5 1 1 9.2488214884E-8
phe__L_e 5 1 1 3.9347286864E-3
pi_e 5 1 1 4.4377845864E-3
pnto__R_e 5 1 1 2.4172288557E-6
pro__L_e 5 1 1 6.5982171162E-3
pydx_e 5 1 1 4.43314813E-7
ser__L_e 5 1 1 2.849895473E-3
so4_e 5 1 1 3.9039497896E-4
thm_e 5 1 1 2.0706678859E-6
thr__L_e 5 1 1 2.1803304451E-3
trp__L_e 5 1 1 5.1410251726E-4
tyr__L_e 5 1 1 1.0485527553E-3
ura_e 5 1 1 2.8141337322E-4
val__L_e 5 1 1 6.530201E-3
zn2_e 5 1 1 4.9372184113E-4
