ade_e 0 1 1 3.27092E-4
adocbl_e 0 1 1 2.58226354E-12
ala__L_e 0 1 1 6.73446E-3
arg__L_e 0 1 1 3.61645E-3
ascb__L_e 0 1 1 8.51692028E-8
asn__L_e 0 1 1 8.32583E-4
asp__L_e 0 1 1 5.897688E-3
btn_e 0 1 1 2.75720165E-8
ca2_e 0 1 1 8.00938E-5
cd2_e 0 1 1 6.67176686E-8
chol_e 0 1 1 1.53595085E-5
cl_e 0 1 1 1.71820893E-1
cobalt2_e 0 1 1 2.96947381E-7
csn_e 0 1 1 1.96213E-4
cu2_e 0 1 1 5.2891188E-6
cu_e 0 1 1 5.2891188E-6
cys__L_e 0 1 1 3.32928E-4
fe2_e 0 1 1 4.56128E-5
fe3_e 0 1 1 4.56128E-5
gln__L_e 0 1 1 1.36849E-4
glu__L_e 0 1 1 1.3457487E-2
gly_e 0 1 1 4.262859E-3
gua_e 0 1 1 3.0603E-4
h2o_e 0 1 1 5.550929781E1
h_e 0 1 1 1E-7
his__L_e 0 1 1 1.643497E-1
ile__L_e 0 1 1 5.336383E-3
k_e 0 1 1 2.579814E-3
leu__L_e 0 1 1 7.280351E-3
lys__L_e 0 1 1 5.814351E-3
man_e 0 1 1 1.271121E-3
met__L_e 0 1 1 1.675513E-3
mg2_e 0 1 1 1.746966E-3
mn2_e 0 1 1 1.10323638E-5
mobd_e 0 1 1 1E3
na1_e 0 1 1 1.86931246E-1
nac_e 0 1 1 1.63268622E-5
nh4_e 0 1 1 2.301592E-3
ni2_e 0 1 1 2.07757313E-6
o2_e 0 1 1 1.82E-2
phe__L_e 0 1 1 3.934815E-3
pi_e 0 1 1 4.438244E-3
pnto__R_e 0 1 1 2.41749721E-6
pro__L_e 0 1 1 6.601119E-3
pydx_e 0 1 1 4.43314813E-7
ser__L_e 0 1 1 2.854614E-3
so4_e 0 1 1 3.90397E-4
thm_e 0 1 1 2.07077178E-6
thr__L_e 0 1 1 2.182673E-3
trp__L_e 0 1 1 5.14129E-4
tyr__L_e 0 1 1 1.048617E-3
ura_e 0 1 1 2.81475E-4
val__L_e 0 1 1 6.530201E-3
zn2_e 0 1 1 4.93722E-4
ade_e 1 1 1 3.27092E-4
adocbl_e 1 1 1 2.58226354E-12
ala__L_e 1 1 1 6.73446E-3
arg__L_e 1 1 1 3.6164199069E-3
ascb__L_e 1 1 1 8.51692028E-8
asn__L_e 1 1 1 8.3230624055E-4
asp__L_e 1 1 1 5.8957600073E-3
btn_e 1 1 1 2.75720165E-8
ca2_e 1 1 1 8.0093270456E-5
cd2_e 1 1 1 6.67176686E-8
chol_e 1 1 1 1.53595085E-5
cl_e 1 1 1 1.7182089247E-1
co2_e 1 1 1 6.5250058379E-6
cobalt2_e 1 1 1 2.9693720725E-7
csn_e 1 1 1 1.96213E-4
cu2_e 1 1 1 5.2890466681E-6
cu_e 1 1 1 5.2891188E-6
cys__L_e 1 1 1 3.3291862428E-4
fe2_e 1 1 1 4.5611322466E-5
fe3_e 1 1 1 4.56128E-5
for_e 1 1 1 2.0418716289E-10
gln__L_e 1 1 1 1.3680340449E-4
glu__L_e 1 1 1 1.345319376E-2
gly_e 1 1 1 4.2628405215E-3
gua_e 1 1 1 3.0600525459E-4
h2o_e 1 1 1 5.5509297152E1
h_e 1 1 1 1.4547307398E-6
his__L_e 1 1 1 1.6434969036E-1
ile__L_e 1 1 1 5.336383E-3
k_e 1 1 1 2.5797941416E-3
leu__L_e 1 1 1 7.2803051641E-3
lys__L_e 1 1 1 5.8143160877E-3
man_e 1 1 1 1.2706990809E-3
met__L_e 1 1 1 1.6754973417E-3
mg2_e 1 1 1 1.7469651174E-3
mn2_e 1 1 1 1.1032293499E-5
mobd_e 1 1 1 1E3
na1_e 1 1 1 1.86931246E-1
nac_e 1 1 1 1.6326630442E-5
nh4_e 1 1 1 2.3098859238E-3
ni2_e 1 1 1 2.07757313E-6
o2_e 1 1 1 1.8194280329E-2
phe__L_e 1 1 1 3.9347961516E-3
pi_e 1 1 1 4.4381436774E-3
pnto__R_e 1 1 1 2.4174386092E-6
pro__L_e 1 1 1 6.5995624584E-3
pydx_e 1 1 1 4.43314813E-7
ser__L_e 1 1 1 2.8536714313E-3
so4_e 1 1 1 3.9039655866E-4
succ_e 1 1 1 7.9546183771E-6
thm_e 1 1 1 2.0707490925E-6
thr__L_e 1 1 1 2.1825972853E-3
trp__L_e 1 1 1 5.1412321694E-4
tyr__L_e 1 1 1 1.0486029708E-3
ura_e 1 1 1 2.8144134574E-4
val__L_e 1 1 1 6.5307529872E-3
zn2_e 1 1 1 4.9372196531E-4
ade_e 2 1 1 3.27092E-4
adocbl_e 2 1 1 2.58226354E-12
agm_e 2 1 1 1.1622114709E-6
ala__L_e 2 1 1 6.73446E-3
arg__L_e 2 1 1 3.6152275809E-3
ascb__L_e 2 1 1 8.51692028E-8
asn__L_e 2 1 1 8.3202929137E-4
asp__L_e 2 1 1 5.8938306718E-3
btn_e 2 1 1 2.75720165E-8
ca2_e 2 1 1 8.0092740537E-5
cd2_e 2 1 1 6.67176686E-8
chol_e 2 1 1 1.53595085E-5
cl_e 2 1 1 1.7182089194E-1
co2_e 2 1 1 1.4216857514E-5
cobalt2_e 2 1 1 2.9692702628E-7
csn_e 2 1 1 1.96213E-4
cu2_e 2 1 1 5.288974485E-6
cu_e 2 1 1 5.2891188E-6
cys__L_e 2 1 1 3.329092419E-4
fe2_e 2 1 1 4.5609843883E-5
fe3_e 2 1 1 4.56128E-5
for_e 2 1 1 4.0851933481E-10
gln__L_e 2 1 1 1.3675777779E-4
glu__L_e 2 1 1 1.3448897465E-2
gly_e 2 1 1 4.2628220299E-3
gua_e 2 1 1 3.0598049161E-4
h2o_e 2 1 1 5.5509296494E1
h_e 2 1 1 1.6482261266E-6
his__L_e 2 1 1 1.6434968072E-1
ile__L_e 2 1 1 5.336383E-3
k_e 2 1 1 2.579774269E-3
leu__L_e 2 1 1 7.2802592957E-3
lys__L_e 2 1 1 5.8142811505E-3
man_e 2 1 1 1.2702768722E-3
met__L_e 2 1 1 1.6754816722E-3
mg2_e 2 1 1 1.7469642342E-3
mn2_e 2 1 1 1.1032223149E-5
mobd_e 2 1 1 1E3
na1_e 2 1 1 1.86931246E-1
nac_e 2 1 1 1.6326398519E-5
nh4_e 2 1 1 2.3181857168E-3
ni2_e 2 1 1 2.07757313E-6
o2_e 2 1 1 1.8188556536E-2
phe__L_e 2 1 1 3.9347772898E-3
pi_e 2 1 1 4.4380432835E-3
pnto__R_e 2 1 1 2.4173799668E-6
pro__L_e 2 1 1 6.598004797E-3
pydx_e 2 1 1 4.43314813E-7
ser__L_e 2 1 1 2.8527282124E-3
so4_e 2 1 1 3.9039611701E-4
succ_e 2 1 1 1.5914872615E-5
thm_e 2 1 1 2.070726389E-6
thr__L_e 2 1 1 2.1825215169E-3
trp__L_e 2 1 1 5.1411742976E-4
tyr__L_e 2 1 1 1.0485889316E-3
ura_e 2 1 1 2.8140766759E-4
val__L_e 2 1 1 6.5313053468E-3
zn2_e 2 1 1 4.9372193059E-4
ade_e 3 1 1 3.27092E-4
adocbl_e 3 1 1 2.58226354E-12
agm_e 3 1 1 2.3252254231E-6
ala__L_e 3 1 1 6.73446E-3
arg__L_e 3 1 1 3.6140344311E-3
ascb__L_e 3 1 1 8.51692028E-8
asn__L_e 3 1 1 8.317521525E-4
asp__L_e 3 1 1 5.8918999938E-3
btn_e 3 1 1 2.75720165E-8
ca2_e 3 1 1 8.0092210241E-5
cd2_e 3 1 1 6.67176686E-8
chol_e 3 1 1 1.53595085E-5
cl_e 3 1 1 1.7182089141E-1
co2_e 3 1 1 2.19141452E-5
cobalt2_e 3 1 1 2.9691683808E-7
csn_e 3 1 1 1.96213E-4
cu2_e 3 1 1 5.2889022507E-6
cu_e 3 1 1 5.2891188E-6
cys__L_e 3 1 1 3.3289985286E-4
fe2_e 3 1 1 4.5608364251E-5
fe3_e 3 1 1 4.56128E-5
for_e 3 1 1 6.1299648952E-10
gln__L_e 3 1 1 1.3671211991E-4
glu__L_e 3 1 1 1.3444598115E-2
gly_e 3 1 1 4.2628035252E-3
gua_e 3 1 1 3.0595571106E-4
h2o_e 3 1 1 5.5509295835E1
h_e 3 1 1 1.8418950072E-6
his__L_e 3 1 1 1.6434967106E-1
ile__L_e 3 1 1 5.336383E-3
k_e 3 1 1 2.5797543824E-3
leu__L_e 3 1 1 7.2802133947E-3
lys__L_e 3 1 1 5.8142461886E-3
man_e 3 1 1 1.2698543738E-3
met__L_e 3 1 1 1.6754659917E-3
mg2_e 3 1 1 1.7469633504E-3
mn2_e 3 1 1 1.1032152748E-5
mobd_e 3 1 1 1E3
na1_e 3 1 1 1.86931246E-1
nac_e 3 1 1 1.6326166432E-5
nh4_e 3 1 1 2.326491378E-3
ni2_e 3 1 1 2.07757313E-6
o2_e 3 1 1 1.8182828621E-2
phe__L_e 3 1 1 3.9347584147E-3
pi_e 3 1 1 4.4379428184E-3
pnto__R_e 3 1 1 2.4173212827E-6
pro__L_e 3 1 1 6.5964460158E-3
pydx_e 3 1 1 4.43314813E-7
ser__L_e 3 1 1 2.8517843432E-3
so4_e 3 1 1 3.9039567505E-4
succ_e 3 1 1 2.3880761662E-5
thm_e 3 1 1 2.0707036693E-6
thr__L_e 3 1 1 2.1824456947E-3
trp__L_e 3 1 1 5.1411163849E-4
tyr__L_e 3 1 1 1.0485748825E-3
ura_e 3 1 1 2.8137396554E-4
val__L_e 3 1 1 6.5318580788E-3
zn2_e 3 1 1 4.9372189585E-4
ade_e 4 1 1 3.27092E-4
adocbl_e 4 1 1 2.58226354E-12
agm_e 4 1 1 3.4890416581E-6
ala__L_e 4 1 1 6.73446E-3
arg__L_e 4 1 1 3.6128404576E-3
ascb__L_e 4 1 1 8.51692028E-8
asn__L_e 4 1 1 8.3147482401E-4
asp__L_e 4 1 1 5.8899679738E-3
btn_e 4 1 1 2.75720165E-8
ca2_e 4 1 1 8.0091679569E-5
cd2_e 4 1 1 6.67176686E-8
chol_e 4 1 1 1.53595085E-5
cl_e 4 1 1 1.7182089088E-1
co2_e 4 1 1 2.9616867853E-5
cobalt2_e 4 1 1 2.9690664265E-7
csn_e 4 1 1 1.96213E-4
cu2_e 4 1 1 5.2888299651E-6
cu_e 4 1 1 5.2891188E-6
cys__L_e 4 1 1 3.3289045717E-4
fe2_e 4 1 1 4.560688357E-5
fe3_e 4 1 1 4.56128E-5
for_e 4 1 1 8.1761860054E-10
gln__L_e 4 1 1 1.3666643086E-4
glu__L_e 4 1 1 1.344029571E-2
gly_e 4 1 1 4.2627850074E-3
gua_e 4 1 1 3.0593091294E-4
h2o_e 4 1 1 5.5509295176E1
h_e 4 1 1 2.0357374353E-6
his__L_e 4 1 1 1.6434966141E-1
ile__L_e 4 1 1 5.336383E-3
k_e 4 1 1 2.5797344816E-3
leu__L_e 4 1 1 7.2801674611E-3
lys__L_e 4 1 1 5.8142112019E-3
man_e 4 1 1 1.269431586E-3
met__L_e 4 1 1 1.6754503E-3
mg2_e 4 1 1 1.7469624659E-3
mn2_e 4 1 1 1.1032082298E-5
mobd_e 4 1 1 1E3
na1_e 4 1 1 1.86931246E-1
nac_e 4 1 1 1.6325934181E-5
nh4_e 4 1 1 2.3348029063E-3
ni2_e 4 1 1 2.07757313E-6
o2_e 4 1 1 1.8177096584E-2
phe__L_e 4 1 1 3.9347395261E-3
pi_e 4 1 1 4.437842282E-3
pnto__R_e 4 1 1 2.4172625571E-6
pro__L_e 4 1 1 6.594886115E-3
pydx_e 4 1 1 4.43314813E-7
ser__L_e 4 1 1 2.850839824E-3
so4_e 4 1 1 3.9039523277E-4
succ_e 4 1 1 3.1852284458E-5
thm_e 4 1 1 2.0706809335E-6
thr__L_e 4 1 1 2.1823698187E-3
trp__L_e 4 1 1 5.141058431E-4
tyr__L_e 4 1 1 1.0485608235E-3
ura_e 4 1 1 2.8134023959E-4
val__L_e 4 1 1 6.5324111832E-3
zn2_e 4 1 1 4.9372186108E-4
ade_e 5 1 1 3.27092E-4
adocbl_e 5 1 1 2.58226354E-12
agm_e 5 1 1 3.4890416581E-6
ala__L_e 5 1 1 6.73446E-3
arg__L_e 5 1 1 3.612810279E-3
ascb__L_e 5 1 1 8.51692028E-8
asn__L_e 5 1 1 8.3119730593E-4
asp__L_e 5 1 1 5.888034612E-3
btn_e 5 1 1 2.75720165E-8
ca2_e 5 1 1 8.0091148522E-5
cd2_e 5 1 1 6.67176686E-8
chol_e 5 1 1 1.53595085E-5
cl_e 5 1 1 1.7182089035E-1
co2_e 5 1 1 3.6160406095E-5
cobalt2_e 5 1 1 2.9689644001E-7
csn_e 5 1 1 1.96213E-4
cu2_e 5 1 1 5.2887576284E-6
cu_e 5 1 1 5.2891188E-6
cys__L_e 5 1 1 3.3288105482E-4
fe2_e 5 1 1 4.560540184E-5
fe3_e 5 1 1 4.56128E-5
for_e 5 1 1 1.0223856407E-9
gln__L_e 5 1 1 1.3662071064E-4
glu__L_e 5 1 1 1.3435990251E-2
gly_e 5 1 1 4.2627664764E-3
gua_e 5 1 1 3.0590609725E-4
h2o_e 5 1 1 5.5509294516E1
h_e 5 1 1 3.3943717838E-6
his__L_e 5 1 1 1.6434965174E-1
ile__L_e 5 1 1 5.336383E-3
k_e 5 1 1 2.5797145668E-3
leu__L_e 5 1 1 7.2801214951E-3
lys__L_e 5 1 1 5.8141761904E-3
man_e 5 1 1 1.2690085087E-3
met__L_e 5 1 1 1.6754345972E-3
mg2_e 5 1 1 1.7469615809E-3
mn2_e 5 1 1 1.1032011798E-5
mobd_e 5 1 1 1E3
na1_e 5 1 1 1.86931246E-1
nac_e 5 1 1 1.6325701764E-5
nh4_e 5 1 1 2.3431203004E-3
ni2_e 5 1 1 2.07757313E-6
o2_e 5 1 1 1.8171360427E-2
phe__L_e 5 1 1 3.9347206242E-3
pi_e 5 1 1 4.4377416745E-3
pnto__R_e 5 1 1 2.4172037899E-6
pro__L_e 5 1 1 6.5933250949E-3
pydx_e 5 1 1 4.43314813E-7
ser__L_e 5 1 1 2.849894655E-3
so4_e 5 1 1 3.9039479018E-4
succ_e 5 1 1 3.9829439927E-5
thm_e 5 1 1 2.0706581816E-6
thr__L_e 5 1 1 2.182293889E-3
trp__L_e 5 1 1 5.1410004361E-4
tyr__L_e 5 1 1 1.0485467544E-3
ura_e 5 1 1 2.8130648976E-4
val__L_e 5 1 1 6.5329646596E-3
zn2_e 5 1 1 4.9372182629E-4
