ade_e 0 1 1 3.27092E-4
adocbl_e 0 1 1 2.58226354E-12
ala__L_e 0 1 1 6.73446E-3
arg__L_e 0 1 1 3.61645E-3
ascb__L_e 0 1 1 8.51692028E-8
asn__L_e 0 1 1 8.32583E-4
asp__L_e 0 1 1 5.897688E-3
btn_e 0 1 1 2.75720165E-8
ca2_e 0 1 1 8.00938E-5
cd2_e 0 1 1 6.67176686E-8
chol_e 0 1 1 1.53595085E-5
cl_e 0 1 1 1.71820893E-1
cobalt2_e 0 1 1 2.96947381E-7
csn_e 0 1 1 1.96213E-4
cu2_e 0 1 1 5.2891188E-6
cu_e 0 1 1 5.2891188E-6
cys__L_e 0 1 1 3.32928E-4
fe2_e 0 1 1 4.56128E-5
fe3_e 0 1 1 4.56128E-5
gln__L_e 0 1 1 1.36849E-4
glu__L_e 0 1 1 1.3457487E-2
gly_e 0 1 1 4.262859E-3
gua_e 0 1 1 3.0603E-4
h2o_e 0 1 1 5.550929781E1
h_e 0 1 1 1E-7
his__L_e 0 1 1 1.643497E-1
ile__L_e 0 1 1 5.336383E-3
k_e 0 1 1 2.579814E-3
leu__L_e 0 1 1 7.280351E-3
lys__L_e 0 1 1 5.814351E-3
man_e 0 1 1 1.271121E-3
met__L_e 0 1 1 1.675513E-3
mg2_e 0 1 1 1.746966E-3
mn2_e 0 1 1 1.10323638E-5
mobd_e 0 1 1 1E3
na1_e 0 1 1 1.86931246E-1
nac_e 0 1 1 1.63268622E-5
nh4_e 0 1 1 2.301592E-3
ni2_e 0 1 1 2.07757313E-6
o2_e 0 1 1 1.82E-2
phe__L_e 0 1 1 3.934815E-3
pi_e 0 1 1 4.438244E-3
pnto__R_e 0 1 1 2.41749721E-6
pro__L_e 0 1 1 6.601119E-3
pydx_e 0 1 1 4.43314813E-7
ser__L_e 0 1 1 2.854614E-3
so4_e 0 1 1 3.90397E-4
thm_e 0 1 1 2.07077178E-6
thr__L_e 0 1 1 2.182673E-3
trp__L_e 0 1 1 5.14129E-4
tyr__L_e 0 1 1 1.048617E-3
ura_e 0 1 1 2.81475E-4
val__L_e 0 1 1 6.530201E-3
zn2_e 0 1 1 4.93722E-4
acald_e 1 1 1 7.0434084102E-7
ade_e 1 1 1 3.27092E-4
adocbl_e 1 1 1 2.58226354E-12
ala__L_e 1 1 1 6.73446E-3
arg__L_e 1 1 1 3.615258876E-3
ascb__L_e 1 1 1 8.51692028E-8
asn__L_e 1 1 1 8.3253189902E-4
asp__L_e 1 1 1 5.897688E-3
btn_e 1 1 1 2.75720165E-8
ca2_e 1 1 1 8.0092696598E-5
cd2_e 1 1 1 6.67176686E-8
chol_e 1 1 1 1.53595085E-5
cl_e 1 1 1 1.718208919E-1
co2_e 1 1 1 7.6189108529E-6
cobalt2_e 1 1 1 2.9692618211E-7
csn_e 1 1 1 1.96213E-4
cu2_e 1 1 1 5.2889684999E-6
cu_e 1 1 1 5.2891188E-6
cys__L_e 1 1 1 3.3290846395E-4
fe2_e 1 1 1 4.5611376495E-5
fe3_e 1 1 1 4.5611144791E-5
gln__L_e 1 1 1 1.36849E-4
glu__L_e 1 1 1 1.3457487E-2
gly_e 1 1 1 4.2614579558E-3
gua_e 1 1 1 3.0597843837E-4
h2o_e 1 1 1 5.5509301627E1
h_e 1 1 1 9.9966666694E-8
his__L_e 1 1 1 1.6434967992E-1
ile__L_e 1 1 1 5.3363214111E-3
k_e 1 1 1 2.5797726213E-3
leu__L_e 1 1 1 7.280351E-3
lys__L_e 1 1 1 5.8142782537E-3
man_e 1 1 1 1.2706990809E-3
met__L_e 1 1 1 1.675480373E-3
mg2_e 1 1 1 1.746964161E-3
mn2_e 1 1 1 1.1032217316E-5
mobd_e 1 1 1 1E3
na1_e 1 1 1 1.86931246E-1
nac_e 1 1 1 1.63268622E-5
nh4_e 1 1 1 2.3070223243E-3
ni2_e 1 1 1 2.07757313E-6
o2_e 1 1 1 1.8194280329E-2
phe__L_e 1 1 1 3.9347757259E-3
pi_e 1 1 1 4.4380349593E-3
pnto__R_e 1 1 1 2.4173751044E-6
pro__L_e 1 1 1 6.6010721388E-3
pydx_e 1 1 1 4.43314813E-7
ser__L_e 1 1 1 2.854614E-3
so4_e 1 1 1 3.9039608039E-4
thm_e 1 1 1 2.0707245065E-6
thr__L_e 1 1 1 2.1819940627E-3
trp__L_e 1 1 1 5.1411694992E-4
tyr__L_e 1 1 1 1.0485877676E-3
ura_e 1 1 1 2.8140487514E-4
val__L_e 1 1 1 6.530201E-3
zn2_e 1 1 1 4.9372192771E-4
acald_e 2 1 1 1.4533041983E-6
ade_e 2 1 1 3.27092E-4
adocbl_e 2 1 1 2.58226354E-12
ala__L_e 2 1 1 6.73446E-3
arg__L_e 2 1 1 3.6140656155E-3
ascb__L_e 2 1 1 8.51692028E-8
asn__L_e 2 1 1 8.3248070499E-4
asp__L_e 2 1 1 5.897688E-3
btn_e 2 1 1 2.75720165E-8
ca2_e 2 1 1 8.0091591187E-5
cd2_e 2 1 1 6.67176686E-8
chol_e 2 1 1 1.53595085E-5
cl_e 2 1 1 1.7182089079E-1
co2_e 2 1 1 1.5251628442E-5
cobalt2_e 2 1 1 2.9690494462E-7
csn_e 2 1 1 1.96213E-4
cu2_e 2 1 1 5.2888179261E-6
cu_e 2 1 1 5.2891188E-6
cys__L_e 2 1 1 3.3288889233E-4
fe2_e 2 1 1 4.5609950397E-5
fe3_e 2 1 1 4.5609486568E-5
gln__L_e 2 1 1 1.36849E-4
glu__L_e 2 1 1 1.3457487E-2
gly_e 2 1 1 4.2600977883E-3
gua_e 2 1 1 3.0592678285E-4
h2o_e 2 1 1 5.5509305452E1
h_e 2 1 1 9.9933273859E-8
his__L_e 2 1 1 1.643496598E-1
ile__L_e 2 1 1 5.33625971E-3
k_e 2 1 1 2.5797311672E-3
leu__L_e 2 1 1 7.280351E-3
lys__L_e 2 1 1 5.8142053749E-3
man_e 2 1 1 1.2702764071E-3
met__L_e 2 1 1 1.6754476866E-3
mg2_e 2 1 1 1.7469623186E-3
mn2_e 2 1 1 1.1032070565E-5
mobd_e 2 1 1 1E3
na1_e 2 1 1 1.86931246E-1
nac_e 2 1 1 1.63268622E-5
nh4_e 2 1 1 2.3124624158E-3
ni2_e 2 1 1 2.07757313E-6
o2_e 2 1 1 1.8188550232E-2
phe__L_e 2 1 1 3.9347363802E-3
pi_e 2 1 1 4.4378255379E-3
pnto__R_e 2 1 1 2.4172527765E-6
pro__L_e 2 1 1 6.6010251923E-3
pydx_e 2 1 1 4.43314813E-7
ser__L_e 2 1 1 2.854614E-3
so4_e 2 1 1 3.9039515911E-4
thm_e 2 1 1 2.0706771469E-6
thr__L_e 2 1 1 2.1812704529E-3
trp__L_e 2 1 1 5.1410487789E-4
tyr__L_e 2 1 1 1.0485584819E-3
ura_e 2 1 1 2.8133462259E-4
val__L_e 2 1 1 6.530201E-3
zn2_e 2 1 1 4.9372185529E-4
acald_e 3 1 1 2.1600937228E-6
ade_e 3 1 1 3.27092E-4
adocbl_e 3 1 1 2.58226354E-12
ala__L_e 3 1 1 6.73446E-3
arg__L_e 3 1 1 3.6128702161E-3
ascb__L_e 3 1 1 8.51692028E-8
asn__L_e 3 1 1 8.324294178E-4
asp__L_e 3 1 1 5.897688E-3
btn_e 3 1 1 2.75720165E-8
ca2_e 3 1 1 8.0090483764E-5
cd2_e 3 1 1 6.67176686E-8
chol_e 3 1 1 1.53595085E-5
cl_e 3 1 1 1.7182088968E-1
co2_e 3 1 1 2.2898167926E-5
cobalt2_e 3 1 1 2.9688366849E-7
csn_e 3 1 1 1.96213E-4
cu2_e 3 1 1 5.2886670783E-6
cu_e 3 1 1 5.2891188E-6
cys__L_e 3 1 1 3.328692851E-4
fe2_e 3 1 1 4.5608521705E-5
fe3_e 3 1 1 4.5607825327E-5
gln__L_e 3 1 1 1.36849E-4
glu__L_e 3 1 1 1.3457487E-2
gly_e 3 1 1 4.2586916972E-3
gua_e 3 1 1 3.0587503333E-4
h2o_e 3 1 1 5.5509309283E1
h_e 3 1 1 9.9899821435E-8
his__L_e 3 1 1 1.6434963964E-1
ile__L_e 3 1 1 5.3361978967E-3
k_e 3 1 1 2.5796896376E-3
leu__L_e 3 1 1 7.280351E-3
lys__L_e 3 1 1 5.8141323635E-3
man_e 3 1 1 1.2698529779E-3
met__L_e 3 1 1 1.6754149407E-3
mg2_e 3 1 1 1.7469604729E-3
mn2_e 3 1 1 1.1031923547E-5
mobd_e 3 1 1 1E3
na1_e 3 1 1 1.86931246E-1
nac_e 3 1 1 1.63268622E-5
nh4_e 3 1 1 2.3179122848E-3
ni2_e 3 1 1 2.07757313E-6
o2_e 3 1 1 1.8182809696E-2
phe__L_e 3 1 1 3.934696963E-3
pi_e 3 1 1 4.4376157354E-3
pnto__R_e 3 1 1 2.4171302259E-6
pro__L_e 3 1 1 6.6009781603E-3
pydx_e 3 1 1 4.43314813E-7
ser__L_e 3 1 1 2.854614E-3
so4_e 3 1 1 3.9039423615E-4
thm_e 3 1 1 2.0706297011E-6
thr__L_e 3 1 1 2.1805889664E-3
trp__L_e 3 1 1 5.140927839E-4
tyr__L_e 3 1 1 1.048529143E-3
ura_e 3 1 1 2.8126424219E-4
val__L_e 3 1 1 6.530201E-3
zn2_e 3 1 1 4.9372178274E-4
acald_e 4 1 1 2.911560846E-6
ade_e 4 1 1 3.27092E-4
adocbl_e 4 1 1 2.58226354E-12
ala__L_e 4 1 1 6.73446E-3
arg__L_e 4 1 1 3.6116726756E-3
ascb__L_e 4 1 1 8.51692028E-8
asn__L_e 4 1 1 8.3237803735E-4
asp__L_e 4 1 1 5.897688E-3
btn_e 4 1 1 2.75720165E-8
ca2_e 4 1 1 8.0089374327E-5
cd2_e 4 1 1 6.67176686E-8
chol_e 4 1 1 1.53595085E-5
cl_e 4 1 1 1.7182088857E-1
co2_e 4 1 1 3.0558544439E-5
cobalt2_e 4 1 1 2.9686235366E-7
csn_e 4 1 1 1.96213E-4
cu2_e 4 1 1 5.2885159562E-6
cu_e 4 1 1 5.2891188E-6
cys__L_e 4 1 1 3.3284964221E-4
fe2_e 4 1 1 4.5607090414E-5
fe3_e 4 1 1 4.5606161065E-5
gln__L_e 4 1 1 1.36849E-4
glu__L_e 4 1 1 1.3457487E-2
gly_e 4 1 1 4.2573265302E-3
gua_e 4 1 1 3.0582318971E-4
h2o_e 4 1 1 5.5509313122E1
h_e 4 1 1 9.9866309359E-8
his__L_e 4 1 1 1.6434961945E-1
ile__L_e 4 1 1 5.3361359709E-3
k_e 4 1 1 2.5796480326E-3
leu__L_e 4 1 1 7.280351E-3
lys__L_e 4 1 1 5.8140592193E-3
man_e 4 1 1 1.2694287924E-3
met__L_e 4 1 1 1.6753821353E-3
mg2_e 4 1 1 1.7469586239E-3
mn2_e 4 1 1 1.1031776261E-5
mobd_e 4 1 1 1E3
na1_e 4 1 1 1.86931246E-1
nac_e 4 1 1 1.63268622E-5
nh4_e 4 1 1 2.3233719417E-3
ni2_e 4 1 1 2.07757313E-6
o2_e 4 1 1 1.817705871E-2
phe__L_e 4 1 1 3.9346574741E-3
pi_e 4 1 1 4.4374055514E-3
pnto__R_e 4 1 1 2.4170074525E-6
pro__L_e 4 1 1 6.6009310428E-3
pydx_e 4 1 1 4.43314813E-7
ser__L_e 4 1 1 2.854614E-3
so4_e 4 1 1 3.9039331151E-4
thm_e 4 1 1 2.070582169E-6
thr__L_e 4 1 1 2.1798627513E-3
trp__L_e 4 1 1 5.1408066791E-4
tyr__L_e 4 1 1 1.0484997507E-3
ura_e 4 1 1 2.8119373382E-4
val__L_e 4 1 1 6.530201E-3
zn2_e 4 1 1 4.9372171006E-4
acald_e 5 1 1 3.6208035248E-6
ade_e 5 1 1 3.27092E-4
adocbl_e 5 1 1 2.58226354E-12
ala__L_e 5 1 1 6.73446E-3
arg__L_e 5 1 1 3.6104729918E-3
ascb__L_e 5 1 1 8.51692028E-8
asn__L_e 5 1 1 8.3232656353E-4
asp__L_e 5 1 1 5.897688E-3
btn_e 5 1 1 2.75720165E-8
ca2_e 5 1 1 8.0088262874E-5
cd2_e 5 1 1 6.67176686E-8
chol_e 5 1 1 1.53595085E-5
cl_e 5 1 1 1.7182088746E-1
co2_e 5 1 1 3.8232773085E-5
cobalt2_e 5 1 1 2.968410001E-7
csn_e 5 1 1 1.96213E-4
cu2_e 5 1 1 5.2883645595E-6
cu_e 5 1 1 5.2891188E-6
cys__L_e 5 1 1 3.3282996362E-4
fe2_e 5 1 1 4.5605656523E-5
fe3_e 5 1 1 4.560449378E-5
gln__L_e 5 1 1 1.36849E-4
glu__L_e 5 1 1 1.3457487E-2
gly_e 5 1 1 4.2559153815E-3
gua_e 5 1 1 3.0577125188E-4
h2o_e 5 1 1 5.5509316968E1
h_e 5 1 1 9.9832737571E-8
his__L_e 5 1 1 1.6434959922E-1
ile__L_e 5 1 1 5.3360739326E-3
k_e 5 1 1 2.5796063519E-3
leu__L_e 5 1 1 7.280351E-3
lys__L_e 5 1 1 5.8139859423E-3
man_e 5 1 1 1.26900385E-3
met__L_e 5 1 1 1.6753492702E-3
mg2_e 5 1 1 1.7469567715E-3
mn2_e 5 1 1 1.1031628708E-5
mobd_e 5 1 1 1E3
na1_e 5 1 1 1.86931246E-1
nac_e 5 1 1 1.63268622E-5
nh4_e 5 1 1 2.3288413969E-3
ni2_e 5 1 1 2.07757313E-6
o2_e 5 1 1 1.8171297263E-2
phe__L_e 5 1 1 3.9346179134E-3
pi_e 5 1 1 4.4371949854E-3
pnto__R_e 5 1 1 2.416884456E-6
pro__L_e 5 1 1 6.6008838397E-3
pydx_e 5 1 1 4.43314813E-7
ser__L_e 5 1 1 2.854614E-3
so4_e 5 1 1 3.903923852E-4
thm_e 5 1 1 2.0705345506E-6
thr__L_e 5 1 1 2.1791787092E-3
trp__L_e 5 1 1 5.1406852991E-4
tyr__L_e 5 1 1 1.048470305E-3
ura_e 5 1 1 2.8112309732E-4
val__L_e 5 1 1 6.530201E-3
zn2_e 5 1 1 4.9372163724E-4
