ade_e 0 1 1 3.27092E-4
adocbl_e 0 1 1 2.58226354E-12
ala__L_e 0 1 1 6.73446E-3
arg__L_e 0 1 1 3.61645E-3
ascb__L_e 0 1 1 8.51692028E-8
asn__L_e 0 1 1 8.32583E-4
asp__L_e 0 1 1 5.897688E-3
btn_e 0 1 1 2.75720165E-8
ca2_e 0 1 1 8.00938E-5
cd2_e 0 1 1 6.67176686E-8
chol_e 0 1 1 1.53595085E-5
cl_e 0 1 1 1.71820893E-1
cobalt2_e 0 1 1 2.96947381E-7
csn_e 0 1 1 1.96213E-4
cu2_e 0 1 1 5.2891188E-6
cu_e 0 1 1 5.2891188E-6
cys__L_e 0 1 1 3.32928E-4
fe2_e 0 1 1 4.56128E-5
fe3_e 0 1 1 4.56128E-5
gln__L_e 0 1 1 1.36849E-4
glu__L_e 0 1 1 1.3457487E-2
gly_e 0 1 1 4.262859E-3
gua_e 0 1 1 3.0603E-4
h2o_e 0 1 1 5.550929781E1
h_e 0 1 1 1E-7
his__L_e 0 1 1 1.643497E-1
ile__L_e 0 1 1 5.336383E-3
k_e 0 1 1 2.579814E-3
leu__L_e 0 1 1 7.280351E-3
lys__L_e 0 1 1 5.814351E-3
man_e 0 1 1 1.271121E-3
met__L_e 0 1 1 1.675513E-3
mg2_e 0 1 1 1.746966E-3
mn2_e 0 1 1 1.10323638E-5
mobd_e 0 1 1 1E3
na1_e 0 1 1 1.86931246E-1
nac_e 0 1 1 1.63268622E-5
nh4_e 0 1 1 2.301592E-3
ni2_e 0 1 1 2.07757313E-6
o2_e 0 1 1 1.82E-2
phe__L_e 0 1 1 3.934815E-3
pi_e 0 1 1 4.438244E-3
pnto__R_e 0 1 1 2.41749721E-6
pro__L_e 0 1 1 6.601119E-3
pydx_e 0 1 1 4.43314813E-7
ser__L_e 0 1 1 2.854614E-3
so4_e 0 1 1 3.90397E-4
thm_e 0 1 1 2.07077178E-6
thr__L_e 0 1 1 2.182673E-3
trp__L_e 0 1 1 5.14129E-4
tyr__L_e 0 1 1 1.048617E-3
ura_e 0 1 1 2.81475E-4
val__L_e 0 1 1 6.530201E-3
zn2_e 0 1 1 4.93722E-4
4hba_c 1 1 1 7.2670763073E-11
ade_e 1 1 1 3.2702542413E-4
adocbl_e 1 1 1 2.58226354E-12
ala__L_e 1 1 1 6.73446E-3
arg__L_e 1 1 1 3.615258876E-3
ascb__L_e 1 1 1 8.51692028E-8
asn__L_e 1 1 1 8.3230624055E-4
asp__L_e 1 1 1 5.897688E-3
btn_e 1 1 1 2.75720165E-8
ca2_e 1 1 1 8.0092103806E-5
cd2_e 1 1 1 6.67176686E-8
chol_e 1 1 1 1.53595085E-5
cl_e 1 1 1 1.718208913E-1
co2_e 1 1 1 7.4887345852E-6
cobalt2_e 1 1 1 2.9691479321E-7
csn_e 1 1 1 1.9619893824E-4
cu2_e 1 1 1 5.2888877526E-6
cu_e 1 1 1 5.2891188E-6
cys__L_e 1 1 1 3.3281879637E-4
fe2_e 1 1 1 4.56128E-5
fe3_e 1 1 1 4.5608067276E-5
gln__L_e 1 1 1 1.3680340449E-4
glu__L_e 1 1 1 1.3456593207E-2
gly_e 1 1 1 4.2626680597E-3
gua_e 1 1 1 3.05928094E-4
h2o_e 1 1 1 5.5509302191E1
h2s_e 1 1 1 7.9099355646E-8
h_e 1 1 1 9.9966666694E-8
his__L_e 1 1 1 1.6434966913E-1
ile__L_e 1 1 1 5.336288323E-3
k_e 1 1 1 2.5797503909E-3
leu__L_e 1 1 1 7.2802041819E-3
lys__L_e 1 1 1 5.8142391714E-3
man_e 1 1 1 1.2706990809E-3
met__L_e 1 1 1 1.6754628445E-3
mg2_e 1 1 1 1.746963173E-3
mn2_e 1 1 1 1.1032138618E-5
mobd_e 1 1 1 1E3
na1_e 1 1 1 1.86931246E-1
nac_e 1 1 1 1.63268622E-5
nh4_e 1 1 1 2.3063609605E-3
ni2_e 1 1 1 2.07757313E-6
o2_e 1 1 1 1.8194280329E-2
oxa_e 1 1 1 3.2587785475E-11
phe__L_e 1 1 1 3.9347545937E-3
pi_e 1 1 1 4.4379226541E-3
pnto__R_e 1 1 1 2.4173095044E-6
pro__L_e 1 1 1 6.601119E-3
pydx_e 1 1 1 4.43314813E-7
ser__L_e 1 1 1 2.854614E-3
so4_e 1 1 1 3.9039558634E-4
thm_e 1 1 1 2.07077178E-6
thr__L_e 1 1 1 2.182590329E-3
trp__L_e 1 1 1 5.1411047612E-4
tyr__L_e 1 1 1 1.0485719901E-3
ura_e 1 1 1 2.8138126299E-4
val__L_e 1 1 1 6.530201E-3
xan_e 1 1 1 2.2643376517E-8
zn2_e 1 1 1 4.9372188888E-4
4hba_c 2 1 1 1.4555653892E-10
ade_e 2 1 1 3.2695865128E-4
adocbl_e 2 1 1 2.58226354E-12
ala__L_e 2 1 1 6.73446E-3
arg__L_e 2 1 1 3.6140642594E-3
ascb__L_e 2 1 1 8.51692028E-8
asn__L_e 2 1 1 8.3202867124E-4
asp__L_e 2 1 1 5.897688E-3
btn_e 2 1 1 2.75720165E-8
ca2_e 2 1 1 8.0090402593E-5
cd2_e 2 1 1 6.67176686E-8
chol_e 2 1 1 1.53595085E-5
cl_e 2 1 1 1.718208896E-1
co2_e 2 1 1 1.4999650383E-5
cobalt2_e 2 1 1 2.9688210901E-7
csn_e 2 1 1 1.9618483171E-4
cu2_e 2 1 1 5.2886560216E-6
cu_e 2 1 1 5.2891188E-6
cys__L_e 2 1 1 3.3270926964E-4
fe2_e 2 1 1 4.56128E-5
fe3_e 2 1 1 4.5603320549E-5
gln__L_e 2 1 1 1.3675767562E-4
glu__L_e 2 1 1 1.3455696702E-2
gly_e 2 1 1 4.2624765544E-3
gua_e 2 1 1 3.0582588993E-4
h2o_e 2 1 1 5.5509306585E1
h2s_e 2 1 1 1.5843274449E-7
h_e 2 1 1 9.9933235909E-8
his__L_e 2 1 1 1.6434963816E-1
ile__L_e 2 1 1 5.3361933659E-3
k_e 2 1 1 2.5796865936E-3
leu__L_e 2 1 1 7.2800569294E-3
lys__L_e 2 1 1 5.814127012E-3
man_e 2 1 1 1.2702759268E-3
met__L_e 2 1 1 1.6754125405E-3
mg2_e 2 1 1 1.7469603377E-3
mn2_e 2 1 1 1.1031912771E-5
mobd_e 2 1 1 1E3
na1_e 2 1 1 1.86931246E-1
nac_e 2 1 1 1.63268622E-5
nh4_e 2 1 1 2.311143951E-3
ni2_e 2 1 1 2.07757313E-6
o2_e 2 1 1 1.818854372E-2
oxa_e 2 1 1 6.5271988078E-11
phe__L_e 2 1 1 3.9346940086E-3
pi_e 2 1 1 4.4376003575E-3
pnto__R_e 2 1 1 2.4171212434E-6
pro__L_e 2 1 1 6.601119E-3
pydx_e 2 1 1 4.43314813E-7
ser__L_e 2 1 1 2.854614E-3
so4_e 2 1 1 3.903941685E-4
thm_e 2 1 1 2.07077178E-6
thr__L_e 2 1 1 2.1825074134E-3
trp__L_e 2 1 1 5.1409189744E-4
tyr__L_e 2 1 1 1.048526847E-3
ura_e 2 1 1 2.8128725181E-4
val__L_e 2 1 1 6.530201E-3
xan_e 2 1 1 4.5350315923E-8
zn2_e 2 1 1 4.9372177742E-4
4hba_c 3 1 1 2.186578207E-10
ade_e 3 1 1 3.26891681E-4
adocbl_e 3 1 1 2.58226354E-12
ala__L_e 3 1 1 6.73446E-3
arg__L_e 3 1 1 3.6128661422E-3
ascb__L_e 3 1 1 8.51692028E-8
asn__L_e 3 1 1 8.3175029028E-4
asp__L_e 3 1 1 5.897688E-3
btn_e 3 1 1 2.75720165E-8
ca2_e 3 1 1 8.008869635E-5
cd2_e 3 1 1 6.67176686E-8
chol_e 3 1 1 1.53595085E-5
cl_e 3 1 1 1.718208879E-1
co2_e 3 1 1 2.2532798428E-5
cobalt2_e 3 1 1 2.9684932817E-7
csn_e 3 1 1 1.9617068029E-4
cu2_e 3 1 1 5.2884236054E-6
cu_e 3 1 1 5.2891188E-6
cys__L_e 3 1 1 3.3259941907E-4
fe2_e 3 1 1 4.56128E-5
fe3_e 3 1 1 4.5598559787E-5
gln__L_e 3 1 1 1.3671181311E-4
glu__L_e 3 1 1 1.3454797478E-2
gly_e 3 1 1 4.2622844829E-3
gua_e 3 1 1 3.0572338711E-4
h2o_e 3 1 1 5.5509310993E1
h2s_e 3 1 1 2.3800070334E-7
h_e 3 1 1 9.9899707429E-8
his__L_e 3 1 1 1.6434960711E-1
ile__L_e 3 1 1 5.3360981281E-3
k_e 3 1 1 2.5796226077E-3
leu__L_e 3 1 1 7.2799092416E-3
lys__L_e 3 1 1 5.8140145209E-3
man_e 3 1 1 1.2698515349E-3
met__L_e 3 1 1 1.6753620879E-3
mg2_e 3 1 1 1.7469574939E-3
mn2_e 3 1 1 1.1031686255E-5
mobd_e 3 1 1 1E3
na1_e 3 1 1 1.86931246E-1
nac_e 3 1 1 1.63268622E-5
nh4_e 3 1 1 2.3159410031E-3
ni2_e 3 1 1 2.07757313E-6
o2_e 3 1 1 1.8182790133E-2
oxa_e 3 1 1 9.8052829973E-11
phe__L_e 3 1 1 3.9346332444E-3
pi_e 3 1 1 4.4372771079E-3
pnto__R_e 3 1 1 2.4169324257E-6
pro__L_e 3 1 1 6.601119E-3
pydx_e 3 1 1 4.43314813E-7
ser__L_e 3 1 1 2.854614E-3
so4_e 3 1 1 3.9039274647E-4
thm_e 3 1 1 2.07077178E-6
thr__L_e 3 1 1 2.1824242527E-3
trp__L_e 3 1 1 5.1407326383E-4
tyr__L_e 3 1 1 1.0484815704E-3
ura_e 3 1 1 2.8119296583E-4
val__L_e 3 1 1 6.530201E-3
xan_e 3 1 1 6.8120941456E-8
zn2_e 3 1 1 4.9372166564E-4
4hba_c 4 1 1 2.9197510175E-10
ade_e 4 1 1 3.2682451284E-4
adocbl_e 4 1 1 2.58226354E-12
ala__L_e 4 1 1 6.73446E-3
arg__L_e 4 1 1 3.6116645167E-3
ascb__L_e 4 1 1 8.51692028E-8
asn__L_e 4 1 1 8.3147109587E-4
asp__L_e 4 1 1 5.897688E-3
btn_e 4 1 1 2.75720165E-8
ca2_e 4 1 1 8.0086985065E-5
cd2_e 4 1 1 6.67176686E-8
chol_e 4 1 1 1.53595085E-5
cl_e 4 1 1 1.7182088619E-1
co2_e 4 1 1 3.0088229775E-5
cobalt2_e 4 1 1 2.9681645046E-7
csn_e 4 1 1 1.9615648386E-4
cu2_e 4 1 1 5.2881905025E-6
cu_e 4 1 1 5.2891188E-6
cys__L_e 4 1 1 3.3248924391E-4
fe2_e 4 1 1 4.56128E-5
fe3_e 4 1 1 4.5593784958E-5
gln__L_e 4 1 1 1.3666581666E-4
glu__L_e 4 1 1 1.3453895529E-2
gly_e 4 1 1 4.2620918439E-3
gua_e 4 1 1 3.0562058489E-4
h2o_e 4 1 1 5.5509315413E1
h2s_e 4 1 1 3.1780376916E-7
h_e 4 1 1 9.9866081039E-8
his__L_e 4 1 1 1.6434957596E-1
ile__L_e 4 1 1 5.3360026088E-3
k_e 4 1 1 2.5795584328E-3
leu__L_e 4 1 1 7.2797611173E-3
lys__L_e 4 1 1 5.8139016975E-3
man_e 4 1 1 1.2694259024E-3
met__L_e 4 1 1 1.6753114861E-3
mg2_e 4 1 1 1.7469546418E-3
mn2_e 4 1 1 1.103145907E-5
mobd_e 4 1 1 1E3
na1_e 4 1 1 1.86931246E-1
nac_e 4 1 1 1.63268622E-5
nh4_e 4 1 1 2.3207521486E-3
ni2_e 4 1 1 2.07757313E-6
o2_e 4 1 1 1.8177019528E-2
oxa_e 4 1 1 1.3093053231E-10
phe__L_e 4 1 1 3.9345723006E-3
pi_e 4 1 1 4.4369529031E-3
pnto__R_e 4 1 1 2.4167430502E-6
pro__L_e 4 1 1 6.601119E-3
pydx_e 4 1 1 4.43314813E-7
ser__L_e 4 1 1 2.854614E-3
so4_e 4 1 1 3.9039132023E-4
thm_e 4 1 1 2.07077178E-6
thr__L_e 4 1 1 2.1823408462E-3
trp__L_e 4 1 1 5.1405457515E-4
tyr__L_e 4 1 1 1.04843616E-3
ura_e 4 1 1 2.8109840446E-4
val__L_e 4 1 1 6.530201E-3
xan_e 4 1 1 9.0955376238E-8
zn2_e 4 1 1 4.9372155353E-4
4hba_c 5 1 1 3.6550887559E-10
ade_e 5 1 1 3.2675714634E-4
adocbl_e 5 1 1 2.58226354E-12
ala__L_e 5 1 1 6.73446E-3
arg__L_e 5 1 1 3.6104593751E-3
ascb__L_e 5 1 1 8.51692028E-8
asn__L_e 5 1 1 8.3119108621E-4
asp__L_e 5 1 1 5.897688E-3
btn_e 5 1 1 2.75720165E-8
ca2_e 5 1 1 8.0085268728E-5
cd2_e 5 1 1 6.67176686E-8
chol_e 5 1 1 1.53595085E-5
cl_e 5 1 1 1.7182088447E-1
co2_e 5 1 1 3.7665995496E-5
cobalt2_e 5 1 1 2.9678347567E-7
csn_e 5 1 1 1.9614224229E-4
cu2_e 5 1 1 5.2879567112E-6
cu_e 5 1 1 5.2891188E-6
cys__L_e 5 1 1 3.3237874342E-4
fe2_e 5 1 1 4.56128E-5
fe3_e 5 1 1 4.558899603E-5
gln__L_e 5 1 1 1.3661968596E-4
glu__L_e 5 1 1 1.3452990849E-2
gly_e 5 1 1 4.2618986361E-3
gua_e 5 1 1 3.0551748261E-4
h2o_e 5 1 1 5.5509319847E1
h2s_e 5 1 1 3.9784247913E-7
h_e 5 1 1 9.9832356522E-8
his__L_e 5 1 1 1.6434954472E-1
ile__L_e 5 1 1 5.3359068075E-3
k_e 5 1 1 2.5794940683E-3
leu__L_e 5 1 1 7.2796125557E-3
lys__L_e 5 1 1 5.8137885408E-3
man_e 5 1 1 1.2689990267E-3
met__L_e 5 1 1 1.675260735E-3
mg2_e 5 1 1 1.7469517812E-3
mn2_e 5 1 1 1.1031231214E-5
mobd_e 5 1 1 1E3
na1_e 5 1 1 1.86931246E-1
nac_e 5 1 1 1.63268622E-5
nh4_e 5 1 1 2.325577419E-3
ni2_e 5 1 1 2.07757313E-6
o2_e 5 1 1 1.8171231868E-2
oxa_e 5 1 1 1.6390531756E-10
phe__L_e 5 1 1 3.9345111769E-3
pi_e 5 1 1 4.4366277411E-3
pnto__R_e 5 1 1 2.4165531154E-6
pro__L_e 5 1 1 6.601119E-3
pydx_e 5 1 1 4.43314813E-7
ser__L_e 5 1 1 2.854614E-3
so4_e 5 1 1 3.9038988979E-4
thm_e 5 1 1 2.07077178E-6
thr__L_e 5 1 1 2.1822571935E-3
trp__L_e 5 1 1 5.140358313E-4
tyr__L_e 5 1 1 1.0483906156E-3
ura_e 5 1 1 2.8100356709E-4
val__L_e 5 1 1 6.530201E-3
xan_e 5 1 1 1.1385374325E-7
zn2_e 5 1 1 4.9372144108E-4
