ade_e 0 1 1 3.27092E-4
adocbl_e 0 1 1 2.58226354E-12
ala__L_e 0 1 1 6.73446E-3
arg__L_e 0 1 1 3.61645E-3
ascb__L_e 0 1 1 8.51692028E-8
asn__L_e 0 1 1 8.32583E-4
asp__L_e 0 1 1 5.897688E-3
btn_e 0 1 1 2.75720165E-8
ca2_e 0 1 1 8.00938E-5
cd2_e 0 1 1 6.67176686E-8
chol_e 0 1 1 1.53595085E-5
cl_e 0 1 1 1.71820893E-1
cobalt2_e 0 1 1 2.96947381E-7
csn_e 0 1 1 1.96213E-4
cu2_e 0 1 1 5.2891188E-6
cu_e 0 1 1 5.2891188E-6
cys__L_e 0 1 1 3.32928E-4
fe2_e 0 1 1 4.56128E-5
fe3_e 0 1 1 4.56128E-5
gln__L_e 0 1 1 1.36849E-4
glu__L_e 0 1 1 1.3457487E-2
gly_e 0 1 1 4.262859E-3
gua_e 0 1 1 3.0603E-4
h2o_e 0 1 1 5.550929781E1
h_e 0 1 1 1E-7
his__L_e 0 1 1 1.643497E-1
ile__L_e 0 1 1 5.336383E-3
k_e 0 1 1 2.579814E-3
leu__L_e 0 1 1 7.280351E-3
lys__L_e 0 1 1 5.814351E-3
man_e 0 1 1 1.271121E-3
met__L_e 0 1 1 1.675513E-3
mg2_e 0 1 1 1.746966E-3
mn2_e 0 1 1 1.10323638E-5
mobd_e 0 1 1 1E3
na1_e 0 1 1 1.86931246E-1
nac_e 0 1 1 1.63268622E-5
nh4_e 0 1 1 2.301592E-3
ni2_e 0 1 1 2.07757313E-6
o2_e 0 1 1 1.82E-2
phe__L_e 0 1 1 3.934815E-3
pi_e 0 1 1 4.438244E-3
pnto__R_e 0 1 1 2.41749721E-6
pro__L_e 0 1 1 6.601119E-3
pydx_e 0 1 1 4.43314813E-7
ser__L_e 0 1 1 2.854614E-3
so4_e 0 1 1 3.90397E-4
thm_e 0 1 1 2.07077178E-6
thr__L_e 0 1 1 2.182673E-3
trp__L_e 0 1 1 5.14129E-4
tyr__L_e 0 1 1 1.048617E-3
ura_e 0 1 1 2.81475E-4
val__L_e 0 1 1 6.530201E-3
zn2_e 0 1 1 4.93722E-4
ade_e 1 1 1 3.2700666039E-4
adocbl_e 1 1 1 2.58226354E-12
ala__L_e 1 1 1 6.7325555849E-3
arg__L_e 1 1 1 3.615258876E-3
ascb__L_e 1 1 1 8.5140813087E-8
asn__L_e 1 1 1 8.3230624055E-4
asp__L_e 1 1 1 5.8957600073E-3
btn_e 1 1 1 2.75720165E-8
ca2_e 1 1 1 8.009162575E-5
cd2_e 1 1 1 6.67176686E-8
chol_e 1 1 1 1.53595085E-5
cl_e 1 1 1 1.7182089083E-1
co2_e 1 1 1 9.9942101518E-6
cobalt2_e 1 1 1 2.9690560867E-7
csn_e 1 1 1 1.9616855624E-4
cu2_e 1 1 1 5.2888226342E-6
cu_e 1 1 1 5.2891188E-6
cys__L_e 1 1 1 3.328895043E-4
etoh_e 1 1 1 2.8816482742E-6
fe2_e 1 1 1 4.56128E-5
fe3_e 1 1 1 4.5606733405E-5
for_e 1 1 1 2.6778925845E-6
gln__L_e 1 1 1 1.3680340449E-4
glu__L_e 1 1 1 1.345319376E-2
gly_e 1 1 1 4.2614579558E-3
gua_e 1 1 1 3.0592839801E-4
h2o_e 1 1 1 5.5509294185E1
h_e 1 1 1 9.9966666694E-8
his__L_e 1 1 1 1.6434966043E-1
ile__L_e 1 1 1 5.336383E-3
k_e 1 1 1 2.5797324633E-3
leu__L_e 1 1 1 7.2801628027E-3
lys__L_e 1 1 1 5.8142076537E-3
man_e 1 1 1 1.2706990809E-3
met__L_e 1 1 1 1.6754487086E-3
mg2_e 1 1 1 1.7469623763E-3
mn2_e 1 1 1 1.1032075153E-5
mobd_e 1 1 1 1E3
na1_e 1 1 1 1.86931246E-1
nac_e 1 1 1 1.6325910626E-5
nh4_e 1 1 1 2.3135342188E-3
ni2_e 1 1 1 2.07757313E-6
o2_e 1 1 1 1.8194280329E-2
phe__L_e 1 1 1 3.9347376105E-3
pi_e 1 1 1 4.437832086E-3
pnto__R_e 1 1 1 2.4172566014E-6
pro__L_e 1 1 1 6.598966002E-3
ptrc_e 1 1 1 1.0675647652E-6
pydx_e 1 1 1 4.4322166071E-7
ser__L_e 1 1 1 2.8536714313E-3
so4_e 1 1 1 3.9039518792E-4
succ_e 1 1 1 7.3075779355E-6
thm_e 1 1 1 2.0706786277E-6
thr__L_e 1 1 1 2.1819506978E-3
trp__L_e 1 1 1 5.1410525536E-4
tyr__L_e 1 1 1 1.0485593976E-3
ura_e 1 1 1 2.8138126299E-4
urea_e 1 1 1 1.0675647652E-6
val__L_e 1 1 1 6.530201E-3
zn2_e 1 1 1 4.9372185756E-4
ade_e 2 1 1 3.2692099016E-4
adocbl_e 2 1 1 2.58226354E-12
ala__L_e 2 1 1 6.7306436324E-3
arg__L_e 2 1 1 3.6140631657E-3
ascb__L_e 2 1 1 8.5112314287E-8
asn__L_e 2 1 1 8.3202841714E-4
asp__L_e 2 1 1 5.8938245815E-3
btn_e 2 1 1 2.75720165E-8
ca2_e 2 1 1 8.0089443078E-5
cd2_e 2 1 1 6.67176686E-8
chol_e 2 1 1 1.53595085E-5
cl_e 2 1 1 1.7182088864E-1
co2_e 2 1 1 2.0027125339E-5
cobalt2_e 2 1 1 2.9686367452E-7
csn_e 2 1 1 1.9612393739E-4
cu2_e 2 1 1 5.288525321E-6
cu_e 2 1 1 5.2891188E-6
cys__L_e 2 1 1 3.3285085945E-4
etoh_e 2 1 1 5.7744983556E-6
fe2_e 2 1 1 4.56128E-5
fe3_e 2 1 1 4.5600643307E-5
for_e 2 1 1 5.3662576645E-6
gln__L_e 2 1 1 1.3675763376E-4
glu__L_e 2 1 1 1.3448883903E-2
gly_e 2 1 1 4.2600515151E-3
gua_e 2 1 1 3.0582640239E-4
h2o_e 2 1 1 5.5509290546E1
h_e 2 1 1 9.9933205304E-8
his__L_e 2 1 1 1.643496207E-1
ile__L_e 2 1 1 5.336383E-3
k_e 2 1 1 2.5796506108E-3
leu__L_e 2 1 1 7.2799738763E-3
lys__L_e 2 1 1 5.814063752E-3
man_e 2 1 1 1.2702755394E-3
met__L_e 2 1 1 1.6753841682E-3
mg2_e 2 1 1 1.7469587385E-3
mn2_e 2 1 1 1.1031785388E-5
mobd_e 2 1 1 1E3
na1_e 2 1 1 1.86931246E-1
nac_e 2 1 1 1.6324955366E-5
nh4_e 2 1 1 2.325522683E-3
ni2_e 2 1 1 2.07757313E-6
o2_e 2 1 1 1.8188538468E-2
phe__L_e 2 1 1 3.9346599212E-3
pi_e 2 1 1 4.4374185762E-3
pnto__R_e 2 1 1 2.4170150606E-6
pro__L_e 2 1 1 6.5968047004E-3
ptrc_e 2 1 1 2.1392371874E-6
pydx_e 2 1 1 4.4312814754E-7
ser__L_e 2 1 1 2.852725235E-3
so4_e 2 1 1 3.9039336881E-4
succ_e 2 1 1 1.4643355786E-5
thm_e 2 1 1 2.0705851145E-6
thr__L_e 2 1 1 2.1812256168E-3
trp__L_e 2 1 1 5.1408141872E-4
tyr__L_e 2 1 1 1.0485015721E-3
ura_e 2 1 1 2.8128716574E-4
urea_e 2 1 1 2.1392371874E-6
val__L_e 2 1 1 6.530201E-3
zn2_e 2 1 1 4.9372171456E-4
ade_e 3 1 1 3.2683498826E-4
adocbl_e 3 1 1 2.58226354E-12
ala__L_e 3 1 1 6.7287241171E-3
arg__L_e 3 1 1 3.6128628546E-3
ascb__L_e 3 1 1 8.5083706056E-8
asn__L_e 3 1 1 8.3174952641E-4
asp__L_e 3 1 1 5.8918816993E-3
btn_e 3 1 1 2.75720165E-8
ca2_e 3 1 1 8.0087251954E-5
cd2_e 3 1 1 6.67176686E-8
chol_e 3 1 1 1.53595085E-5
cl_e 3 1 1 1.7182088645E-1
co2_e 3 1 1 3.0098869964E-5
cobalt2_e 3 1 1 2.9682157801E-7
csn_e 3 1 1 1.9607914287E-4
cu2_e 3 1 1 5.2882268568E-6
cu_e 3 1 1 5.2891188E-6
cys__L_e 3 1 1 3.3281206499E-4
etoh_e 3 1 1 8.6785866024E-6
fe2_e 3 1 1 4.56128E-5
fe3_e 3 1 1 4.5594529631E-5
for_e 3 1 1 8.0651297592E-6
gln__L_e 3 1 1 1.3671168727E-4
glu__L_e 3 1 1 1.3444557375E-2
gly_e 3 1 1 4.2586396607E-3
gua_e 3 1 1 3.0572401189E-4
h2o_e 3 1 1 5.5509286893E1
h_e 3 1 1 9.9899615427E-8
his__L_e 3 1 1 1.6434958082E-1
ile__L_e 3 1 1 5.336383E-3
k_e 3 1 1 2.5795684414E-3
leu__L_e 3 1 1 7.2797842185E-3
lys__L_e 3 1 1 5.8139192932E-3
man_e 3 1 1 1.2698503703E-3
met__L_e 3 1 1 1.6753193779E-3
mg2_e 3 1 1 1.7469550866E-3
mn2_e 3 1 1 1.1031494501E-5
mobd_e 3 1 1 1E3
na1_e 3 1 1 1.86931246E-1
nac_e 3 1 1 1.6323996408E-5
nh4_e 3 1 1 2.3375575412E-3
ni2_e 3 1 1 2.07757313E-6
o2_e 3 1 1 1.8182774345E-2
phe__L_e 3 1 1 3.9345819311E-3
pi_e 3 1 1 4.4370034655E-3
pnto__R_e 3 1 1 2.4167725847E-6
pro__L_e 3 1 1 6.5946350688E-3
ptrc_e 3 1 1 3.2150302435E-6
pydx_e 3 1 1 4.4303427232E-7
ser__L_e 3 1 1 2.8517753993E-3
so4_e 3 1 1 3.9039154267E-4
succ_e 3 1 1 2.2007423339E-5
thm_e 3 1 1 2.0704912393E-6
thr__L_e 3 1 1 2.180497748E-3
trp__L_e 3 1 1 5.140574898E-4
tyr__L_e 3 1 1 1.0484435227E-3
ura_e 3 1 1 2.8119270711E-4
urea_e 3 1 1 3.2150302434E-6
val__L_e 3 1 1 6.530201E-3
zn2_e 3 1 1 4.9372157101E-4
ade_e 4 1 1 3.267486536E-4
adocbl_e 4 1 1 2.58226354E-12
ala__L_e 4 1 1 6.7267970132E-3
arg__L_e 4 1 1 3.611657928E-3
ascb__L_e 4 1 1 8.5054988049E-8
asn__L_e 4 1 1 8.3146956501E-4
asp__L_e 4 1 1 5.8899313368E-3
btn_e 4 1 1 2.75720165E-8
ca2_e 4 1 1 8.0085052353E-5
cd2_e 4 1 1 6.67176686E-8
chol_e 4 1 1 1.53595085E-5
cl_e 4 1 1 1.7182088425E-1
co2_e 4 1 1 4.0209568612E-5
cobalt2_e 4 1 1 2.9677931862E-7
csn_e 4 1 1 1.9603417209E-4
cu2_e 4 1 1 5.2879272377E-6
cu_e 4 1 1 5.2891188E-6
cys__L_e 4 1 1 3.3277312043E-4
etoh_e 4 1 1 1.159394943E-5
fe2_e 4 1 1 4.56128E-5
fe3_e 4 1 1 4.5588392301E-5
for_e 4 1 1 1.0774543448E-5
gln__L_e 4 1 1 1.3666556445E-4
glu__L_e 4 1 1 1.3440214123E-2
gly_e 4 1 1 4.2572223756E-3
gua_e 4 1 1 3.0562122524E-4
h2o_e 4 1 1 5.5509283226E1
h_e 4 1 1 9.9865896661E-8
his__L_e 4 1 1 1.6434954078E-1
ile__L_e 4 1 1 5.336383E-3
k_e 4 1 1 2.579485954E-3
leu__L_e 4 1 1 7.2795938269E-3
lys__L_e 4 1 1 5.8137742755E-3
man_e 4 1 1 1.2694235686E-3
met__L_e 4 1 1 1.6752543369E-3
mg2_e 4 1 1 1.7469514206E-3
mn2_e 4 1 1 1.1031202489E-5
mobd_e 4 1 1 1E3
na1_e 4 1 1 1.86931246E-1
nac_e 4 1 1 1.6323033739E-5
nh4_e 4 1 1 2.3496389421E-3
ni2_e 4 1 1 2.07757313E-6
o2_e 4 1 1 1.8176987887E-2
phe__L_e 4 1 1 3.9345036392E-3
pi_e 4 1 1 4.4365867487E-3
pnto__R_e 4 1 1 2.4165291706E-6
pro__L_e 4 1 1 6.5924570808E-3
ptrc_e 4 1 1 4.2949569275E-6
pydx_e 4 1 1 4.429400339E-7
ser__L_e 4 1 1 2.850821913E-3
so4_e 4 1 1 3.9038970945E-4
succ_e 4 1 1 2.9399870507E-5
thm_e 4 1 1 2.0703970009E-6
thr__L_e 4 1 1 2.1797670827E-3
trp__L_e 4 1 1 5.140334683E-4
tyr__L_e 4 1 1 1.0483852487E-3
ura_e 4 1 1 2.8109788597E-4
urea_e 4 1 1 4.2949569275E-6
val__L_e 4 1 1 6.530201E-3
zn2_e 4 1 1 4.9372142691E-4
ade_e 5 1 1 3.2666198514E-4
adocbl_e 5 1 1 2.58226354E-12
ala__L_e 5 1 1 6.724862295E-3
arg__L_e 5 1 1 3.6104483715E-3
ascb__L_e 5 1 1 8.5026159924E-8
asn__L_e 5 1 1 8.3118852957E-4
asp__L_e 5 1 1 5.8879734704E-3
btn_e 5 1 1 2.75720165E-8
ca2_e 5 1 1 8.0082844248E-5
cd2_e 5 1 1 6.67176686E-8
chol_e 5 1 1 1.53595085E-5
cl_e 5 1 1 1.7182088204E-1
co2_e 5 1 1 5.035934605E-5
cobalt2_e 5 1 1 2.9673689584E-7
csn_e 5 1 1 1.9598902445E-4
cu2_e 5 1 1 5.2876264602E-6
cu_e 5 1 1 5.2891188E-6
cys__L_e 5 1 1 3.327340253E-4
etoh_e 5 1 1 1.4520623312E-5
fe2_e 5 1 1 4.56128E-5
fe3_e 5 1 1 4.5582231241E-5
for_e 5 1 1 1.3494533366E-5
gln__L_e 5 1 1 1.3661926477E-4
glu__L_e 5 1 1 1.3435854093E-2
gly_e 5 1 1 4.2557996425E-3
gua_e 5 1 1 3.0551804116E-4
h2o_e 5 1 1 5.5509279545E1
h_e 5 1 1 9.9832048599E-8
his__L_e 5 1 1 1.6434950059E-1
ile__L_e 5 1 1 5.336383E-3
k_e 5 1 1 2.5794031477E-3
leu__L_e 5 1 1 7.2794026991E-3
lys__L_e 5 1 1 5.813628697E-3
man_e 5 1 1 1.2689951291E-3
met__L_e 5 1 1 1.6751890444E-3
mg2_e 5 1 1 1.7469477404E-3
mn2_e 5 1 1 1.1030909348E-5
mobd_e 5 1 1 1E3
na1_e 5 1 1 1.86931246E-1
nac_e 5 1 1 1.6322067348E-5
nh4_e 5 1 1 2.3617670348E-3
ni2_e 5 1 1 2.07757313E-6
o2_e 5 1 1 1.8171179024E-2
phe__L_e 5 1 1 3.9344250447E-3
pi_e 5 1 1 4.4361684206E-3
pnto__R_e 5 1 1 2.4162848154E-6
pro__L_e 5 1 1 6.5902707099E-3
ptrc_e 5 1 1 5.3790302506E-6
pydx_e 5 1 1 4.428454311E-7
ser__L_e 5 1 1 2.8498647645E-3
so4_e 5 1 1 3.9038786915E-4
succ_e 5 1 1 3.6820787328E-5
thm_e 5 1 1 2.0703023981E-6
thr__L_e 5 1 1 2.1790336121E-3
trp__L_e 5 1 1 5.1400935392E-4
tyr__L_e 5 1 1 1.0483267494E-3
ura_e 5 1 1 2.8100270118E-4
urea_e 5 1 1 5.3790302505E-6
val__L_e 5 1 1 6.530201E-3
zn2_e 5 1 1 4.9372128225E-4
